Date,AC,ACV,LCB,LCV,LCG,MCB,MCV,MCG,SCB,SCV,SCG
Jul-26,3.30,1.79,3.59,1.83,5.97,1.80,0.71,2.97,1.63,1.90,1.38
Aug-26,2.90,3.15,2.93,3.06,2.75,2.13,2.52,1.71,2.82,3.58,2.10
Sep-26,0.50,-0.02,0.69,0.01,1.58,0.02,-0.15,0.19,-0.58,0.01,-1.12
Oct-26,-2.99,-2.55,-2.99,-2.46,-3.65,-3.03,-2.93,-3.13,-3.03,-3.38,-2.70
Nov-26,3.02,2.96,2.99,2.79,3.25,3.85,3.80,3.91,3.67,4.77,2.67
Dec-26,2.74,2.67,2.91,2.76,3.11,3.22,3.47,2.95,1.26,1.74,0.81
Jan-27,0.23,0.58,0.02,0.35,-0.41,0.83,0.74,0.92,1.68,1.94,1.44
Feb-27,4.54,4.20,4.29,3.77,4.96,4.74,4.46,5.03,6.22,7.67,4.82
Mar-27,0.36,-0.24,0.57,-0.02,1.31,-1.64,-1.92,-1.35,-0.92,-2.07,0.22
Apr-27,0.87,-0.70,0.83,-1.04,3.18,0.02,-1.46,1.51,0.93,1.65,0.24
May-27,5.50,5.58,5.26,5.17,5.37,5.87,6.09,5.65,6.73,7.85,5.63
Jun-27,-2.02,-2.89,-2.16,-3.10,-1.03,-2.63,-3.28,-1.98,-1.04,-0.96,-1.11
Jul-27,7.91,6.74,8.25,6.96,9.31,6.59,6.43,6.73,5.80,5.35,6.23
Aug-27,2.24,0.36,2.58,0.64,4.14,1.91,-0.42,3.99,-0.10,-1.76,1.45
Sep-27,4.89,4.58,5.08,4.69,5.37,4.10,5.27,3.09,4.13,4.57,3.74
Oct-27,-4.08,-4.92,-4.27,-4.89,-3.79,-3.57,-5.39,-1.95,-2.64,-5.15,-0.36
Nov-27,7.03,6.67,6.80,6.48,7.05,8.21,7.81,8.56,7.83,7.42,8.19
Dec-27,2.38,2.00,2.22,1.74,2.60,4.23,3.40,4.94,3.56,3.93,3.24
Jan-28,-0.41,-0.69,-0.78,-1.10,-0.54,0.89,-0.17,1.76,1.65,1.03,2.20
Feb-28,-1.14,-1.48,-0.85,-1.12,-0.64,-2.64,-2.18,-3.16,-3.05,-3.65,-2.50
Mar-28,9.55,6.39,9.83,6.30,12.50,10.09,7.12,12.55,7.64,6.32,8.79
Apr-28,4.40,5.83,4.07,5.82,1.75,3.87,4.47,3.23,5.92,5.12,6.62
May-28,1.54,0.05,1.41,-0.08,2.55,1.70,1.18,2.25,1.78,-0.09,3.52
Jun-28,-4.14,-4.49,-3.76,-4.07,-3.53,-4.87,-4.03,-5.74,-6.16,-6.67,-5.66
Jul-28,0.67,0.20,0.75,0.19,1.37,0.90,1.29,0.53,0.26,0.31,0.21
Aug-28,6.93,5.43,6.96,5.40,8.63,7.56,6.83,8.26,7.29,6.04,8.75
Sep-28,2.72,2.41,2.35,2.01,2.70,3.64,3.27,3.99,4.98,4.30,5.75
Oct-28,1.53,1.58,1.49,1.64,1.33,0.32,1.00,-0.34,1.69,1.04,2.42
Nov-28,12.21,13.22,12.26,13.26,11.23,9.85,9.50,10.19,11.87,13.19,10.43
Dec-28,0.49,0.11,0.39,0.11,0.68,1.48,0.92,2.03,1.68,0.36,3.21
Jan-29,5.27,4.41,5.72,4.81,6.68,4.86,3.88,5.80,2.44,1.98,2.95
Feb-29,0.35,1.08,0.16,0.89,-0.58,0.23,1.82,-1.24,1.69,2.53,0.78
Mar-29,0.15,2.04,0.81,2.89,-1.37,-1.06,1.27,-3.24,-4.19,-3.50,-4.96
Apr-29,1.73,1.33,1.71,1.35,2.11,0.49,-0.23,1.18,2.03,1.43,2.70
May-29,-5.28,-4.51,-4.73,-3.91,-5.61,-4.18,-2.82,-5.45,-8.19,-7.53,-8.92
Jun-29,10.53,9.05,10.65,9.01,12.44,10.51,9.28,11.69,10.24,9.69,10.84
Jul-29,4.59,5.86,4.99,6.44,3.72,3.65,3.94,3.27,2.18,2.30,2.05
Aug-29,8.99,11.46,10.01,12.69,7.58,6.86,7.77,5.67,2.70,4.49,0.80
Sep-29,-4.79,-5.57,-5.03,-5.85,-4.33,-2.50,-3.08,-2.00,-2.87,-3.76,-1.90
Oct-29,-18.81,-13.22,-18.64,-12.71,-23.70,-19.29,-16.01,-22.21,-20.00,-16.04,-24.18
Nov-29,-12.16,-10.05,-12.25,-10.12,-14.25,-10.95,-7.48,-13.56,-11.25,-8.88,-13.23
Dec-29,1.74,0.63,2.10,0.63,3.55,1.78,1.00,2.39,0.16,1.22,-0.76
Jan-30,5.18,2.95,4.86,2.61,7.01,4.74,3.00,6.12,6.77,4.43,8.81
Feb-30,2.56,1.70,2.62,1.75,3.42,2.21,1.94,2.41,2.03,1.01,2.98
Mar-30,7.46,8.11,7.25,7.94,6.63,5.81,7.08,4.83,8.83,9.31,8.38
Apr-30,-2.51,-2.55,-2.24,-2.22,-2.25,-5.26,-5.16,-5.34,-4.20,-4.74,-3.70
May-30,-0.86,-2.19,-0.55,-2.06,0.84,-0.90,-1.06,-0.77,-2.71,-2.83,-2.59
Jun-30,-15.35,-12.66,-15.10,-12.15,-17.71,-16.03,-14.30,-17.39,-16.68,-15.28,-17.91
Jul-30,4.36,3.52,4.39,3.58,5.14,4.76,4.17,5.29,4.22,3.36,5.04
Aug-30,0.31,-0.48,0.52,-0.29,1.24,-0.95,-1.57,-0.43,-0.75,-1.49,-0.05
Sep-30,-12.27,-11.57,-11.93,-11.05,-12.70,-13.34,-14.58,-12.29,-13.85,-14.04,-13.67
Oct-30,-8.82,-7.45,-8.60,-7.03,-10.00,-10.65,-10.41,-10.84,-10.08,-9.83,-10.31
Nov-30,-2.67,-3.33,-2.87,-3.48,-2.32,-2.78,-4.74,-1.17,-1.29,-2.43,-0.24
Dec-30,-7.27,-8.62,-6.76,-8.10,-5.43,-10.14,-11.93,-7.94,-9.59,-11.08,-8.24
Jan-31,5.97,7.07,5.57,6.84,4.36,8.76,10.64,6.54,7.62,7.49,7.74
Feb-31,10.87,7.87,10.72,7.47,13.89,11.79,10.42,13.48,11.39,9.57,13.43
Mar-31,-6.31,-8.76,-6.29,-9.09,-3.73,-8.85,-11.46,-5.73,-6.80,-7.74,-5.79
Apr-31,-9.81,-10.12,-9.15,-9.32,-9.01,-11.35,-11.77,-10.88,-13.29,-14.03,-12.52
May-31,-13.03,-14.65,-12.86,-14.32,-11.61,-15.19,-17.75,-12.37,-14.57,-17.40,-11.63
Jun-31,14.18,15.73,13.88,15.15,12.81,15.84,19.20,12.36,16.77,20.10,13.54
Jul-31,-6.65,-7.77,-6.55,-7.64,-5.17,-7.85,-9.12,-6.23,-7.35,-8.96,-5.59
Aug-31,0.19,0.97,0.26,1.03,-0.69,-0.72,-1.65,0.43,-0.04,1.03,-1.17
Sep-31,-28.87,-27.73,-28.64,-27.01,-30.77,-31.74,-33.21,-29.97,-30.12,-32.38,-27.65
Oct-31,7.98,6.65,7.79,6.07,10.15,7.82,5.63,10.37,9.48,11.11,7.81
Nov-31,-8.79,-11.01,-8.82,-11.13,-5.76,-9.98,-12.30,-7.39,-8.58,-10.46,-6.61
Dec-31,-13.45,-15.44,-13.19,-15.29,-10.55,-15.03,-18.00,-11.89,-14.62,-15.87,-13.36
Jan-32,-1.97,-0.74,-2.42,-1.18,-3.90,3.11,4.56,1.67,-0.04,0.92,-0.99
Feb-32,5.71,6.11,6.34,7.00,5.53,3.47,2.50,4.46,2.19,0.39,4.02
Mar-32,-11.30,-11.49,-11.31,-11.49,-11.08,-10.52,-10.24,-10.79,-11.38,-11.66,-11.11
Apr-32,-18.49,-17.36,-18.92,-17.54,-20.62,-19.02,-17.83,-20.19,-15.72,-16.26,-15.19
May-32,-20.62,-19.00,-20.59,-18.89,-22.78,-24.78,-23.15,-26.44,-21.05,-19.90,-22.15
Jun-32,-1.11,-1.76,-1.72,-2.39,-0.81,1.60,1.12,2.12,2.79,2.13,3.44
Jul-32,33.66,35.71,32.49,33.77,30.43,37.04,46.84,27.63,40.76,51.28,30.00
Aug-32,37.52,40.58,34.98,37.32,31.07,44.13,57.80,29.05,51.73,63.34,37.92
Sep-32,-2.70,-4.38,-2.11,-3.84,0.91,-2.35,-3.11,-1.33,-5.69,-8.13,-3.65
Oct-32,-13.11,-12.59,-12.16,-11.54,-13.20,-15.26,-18.05,-11.56,-18.48,-20.87,-16.33
Nov-32,-4.74,-5.41,-4.27,-4.53,-3.83,-7.02,-9.92,-3.44,-7.39,-11.77,-1.99
Dec-32,4.96,3.82,5.80,4.56,7.90,3.12,1.65,4.82,0.60,-0.83,2.20
Jan-33,0.96,1.28,0.46,0.75,-0.01,1.99,2.29,1.65,4.36,5.51,3.10
Feb-33,-15.46,-15.20,-15.37,-15.04,-15.90,-16.80,-19.51,-13.72,-15.52,-16.02,-14.96
Mar-33,3.13,2.20,1.96,0.89,3.75,4.83,4.98,4.67,11.01,12.35,9.52
Apr-33,38.91,36.37,37.07,33.90,42.20,46.72,58.30,34.42,50.04,54.92,44.44
May-33,21.51,21.75,18.25,18.44,17.95,22.61,26.28,18.02,36.47,41.14,30.76
Jun-33,13.26,13.93,12.71,13.46,11.56,14.90,17.62,11.19,15.81,16.99,14.36
Jul-33,-9.87,-11.34,-9.65,-11.30,-8.53,-10.67,-11.57,-9.45,-11.76,-12.53,-11.05
Aug-33,12.21,15.85,11.80,16.05,9.01,15.02,16.08,13.59,15.90,16.24,15.58
Sep-33,-10.78,-12.06,-10.34,-11.04,-9.85,-10.46,-11.47,-9.12,-13.13,-17.11,-9.15
Oct-33,-8.06,-9.67,-7.72,-9.01,-6.81,-8.26,-10.08,-5.60,-9.85,-12.87,-6.37
Nov-33,10.27,11.28,10.72,11.88,9.93,8.42,9.41,7.03,7.88,8.70,7.00
Dec-33,2.15,2.57,2.05,2.29,1.88,1.91,2.51,1.05,2.75,4.36,0.96
Jan-34,12.80,15.43,11.29,13.43,9.78,15.24,16.74,13.04,20.08,22.89,16.86
Feb-34,-2.48,-2.88,-2.89,-3.54,-2.42,-2.73,-2.36,-3.22,-0.59,0.24,-1.38
Mar-34,-0.01,-0.45,-0.16,-0.46,0.06,0.65,0.13,1.32,0.79,-0.56,2.11
Apr-34,-2.05,-2.48,-2.10,-2.31,-1.95,-1.12,-1.00,-1.28,-2.06,-3.64,-0.57
May-34,-7.48,-8.75,-7.17,-8.26,-6.39,-7.95,-10.05,-5.31,-9.22,-11.54,-7.07
Jun-34,2.51,2.76,2.63,3.11,2.29,3.33,3.51,3.07,2.36,1.62,3.17
Jul-34,-11.18,-13.99,-10.23,-12.99,-7.94,-14.36,-17.04,-11.97,-16.05,-18.16,-13.40
Aug-34,5.57,4.85,5.18,4.05,6.06,5.95,5.43,6.37,7.42,8.18,6.51
Sep-34,-0.25,-0.23,-0.19,-0.19,-0.19,-0.85,-0.61,-1.05,-0.38,0.00,-0.84
Oct-34,-1.79,-3.50,-1.83,-3.58,-0.50,-0.75,-3.78,1.72,-1.40,-3.04,0.59
Nov-34,8.47,6.21,7.74,5.28,10.70,9.20,5.93,11.73,12.54,11.85,13.36
Dec-34,0.53,-0.21,0.19,-0.55,1.04,0.86,0.82,0.89,2.69,1.85,3.66
Jan-35,-3.39,-4.15,-3.30,-4.21,-2.28,-4.76,-5.79,-3.97,-4.02,-3.88,-4.18
Feb-35,-2.01,-3.73,-1.86,-3.56,0.26,-1.69,-2.87,-0.13,-2.44,-4.51,-0.06
Mar-35,-3.52,-3.32,-3.03,-2.59,-3.56,-5.25,-4.72,-5.93,-6.14,-7.63,-4.50
Apr-35,8.99,10.61,9.24,11.03,7.09,9.60,10.67,8.16,7.05,7.71,6.36
May-35,3.56,4.60,3.99,5.22,2.62,4.36,5.29,3.67,0.86,0.67,1.06
Jun-35,6.13,5.67,6.14,5.67,6.68,7.56,8.57,6.80,6.39,6.20,6.60
Jul-35,7.44,7.70,7.16,7.32,7.01,7.46,7.50,7.42,8.40,9.39,7.39
Aug-35,2.70,2.70,2.41,2.20,2.62,3.38,7.40,0.16,3.56,4.42,2.66
Sep-35,2.71,0.68,2.71,0.49,4.90,2.73,0.35,4.79,2.62,1.99,3.29
Oct-35,7.22,7.66,7.11,7.69,6.56,9.19,10.03,8.50,7.67,7.62,7.73
Nov-35,5.16,7.10,4.70,6.62,2.87,5.29,7.97,3.04,6.80,8.31,5.22
Dec-35,4.69,6.14,4.22,5.82,2.64,4.91,7.30,2.79,7.72,9.26,6.40
Jan-36,6.94,10.18,6.55,9.97,3.07,8.53,13.55,3.85,8.01,9.89,6.36
Feb-36,2.85,3.55,2.58,3.18,1.92,4.48,3.46,5.52,4.19,5.97,2.57
Mar-36,1.19,-0.10,1.16,-0.34,2.82,-0.05,-0.50,0.41,1.39,1.70,1.10
Apr-36,-8.19,-8.84,-7.68,-8.28,-7.05,-10.22,-10.40,-10.03,-10.60,-11.73,-9.53
May-36,5.25,5.44,5.28,5.36,5.20,4.67,4.70,4.64,4.93,5.94,4.00
Jun-36,2.57,1.74,2.98,2.03,3.99,1.61,0.53,2.68,0.21,0.07,0.34
Jul-36,6.83,7.72,6.58,7.50,5.71,6.06,8.66,3.85,8.27,9.21,7.25
Aug-36,1.02,1.66,0.76,1.25,0.29,1.41,1.08,1.71,2.64,4.25,0.88
Sep-36,1.05,0.94,0.76,0.57,0.95,2.12,1.14,2.99,2.61,2.87,2.32
Oct-36,7.51,8.76,7.72,8.91,6.56,6.45,9.22,3.91,6.03,7.92,3.87
Nov-36,3.10,2.41,2.39,1.41,3.38,3.28,1.32,5.16,6.93,7.85,5.83
Dec-36,0.27,2.13,-0.14,1.89,-2.13,0.99,1.37,0.64,2.77,3.31,2.13
Jan-37,3.33,2.92,2.91,2.28,3.56,3.24,4.33,2.20,5.54,6.51,4.36
Feb-37,1.21,2.21,0.92,1.86,-0.04,2.22,3.11,1.35,2.95,4.12,1.75
Mar-37,-0.08,1.59,-0.18,1.41,-1.82,1.09,2.99,-0.81,0.62,2.83,-1.69
Apr-37,-7.36,-7.67,-6.99,-7.18,-6.79,-8.17,-9.62,-6.87,-9.19,-10.30,-8.02
May-37,-0.63,-1.20,-0.42,-1.03,0.22,-2.37,-3.52,-1.22,-1.82,-2.00,-1.61
Jun-37,-4.26,-4.10,-3.85,-3.56,-4.15,-4.66,-6.60,-2.75,-6.50,-7.05,-5.90
Jul-37,9.02,8.69,9.02,8.74,9.27,9.60,10.90,8.45,8.81,8.21,9.43
Aug-37,-4.94,-5.80,-4.95,-5.88,-4.12,-4.56,-6.47,-2.84,-4.74,-5.35,-4.12
Sep-37,-13.78,-14.17,-12.86,-13.26,-12.52,-16.38,-17.10,-15.76,-19.20,-19.09,-19.31
Oct-37,-9.75,-9.49,-9.68,-9.32,-10.00,-10.01,-8.97,-11.16,-10.15,-10.51,-9.78
Nov-37,-8.36,-7.67,-7.99,-7.07,-8.80,-8.47,-7.80,-9.06,-10.29,-10.89,-9.70
Dec-37,-4.25,-4.14,-3.43,-3.01,-3.82,-5.39,-7.88,-3.18,-8.46,-10.37,-6.62
Jan-38,0.50,-0.45,0.00,-1.26,1.20,-0.56,-0.64,-0.47,3.10,3.68,2.42
Feb-38,5.92,5.30,5.91,5.28,6.50,9.28,9.17,9.40,5.97,5.56,6.44
Mar-38,-24.17,-24.65,-23.76,-24.17,-23.39,-25.01,-26.31,-23.53,-26.06,-26.75,-25.27
Apr-38,14.54,15.17,13.97,14.60,13.40,15.68,15.51,15.86,17.46,17.84,17.03
May-38,-4.01,-3.89,-3.70,-3.54,-3.85,-5.15,-5.62,-4.64,-5.54,-5.64,-5.42
Jun-38,24.36,22.51,23.88,21.67,25.91,26.54,26.91,26.15,26.71,26.56,26.88
Jul-38,7.40,6.14,6.50,5.01,8.10,7.56,6.37,8.65,12.25,12.32,12.17
Aug-38,-2.62,-4.68,-2.22,-4.41,0.09,-3.99,-5.22,-2.87,-4.76,-5.97,-3.37
Sep-38,0.85,0.72,1.24,1.17,1.31,0.36,-0.08,0.74,-1.33,-1.79,-0.81
Oct-38,7.81,7.87,6.85,6.85,6.86,10.94,12.23,9.83,12.92,13.26,12.54
Nov-38,-1.65,-1.71,-1.50,-1.39,-1.60,-1.87,-3.27,-0.60,-2.23,-3.27,-1.07
Dec-38,4.08,4.62,3.96,4.59,3.33,4.72,4.99,4.49,5.11,5.36,4.83
Jan-39,-6.08,-5.87,-5.70,-5.38,-6.02,-7.93,-7.27,-8.51,-8.32,-8.66,-7.95
Feb-39,3.61,3.95,3.43,3.86,2.99,4.80,5.82,3.89,4.81,4.34,5.31
Mar-39,-12.09,-12.47,-11.06,-11.14,-10.98,-16.05,-17.94,-14.34,-18.08,-20.36,-15.62
Apr-39,-0.29,-0.11,-0.36,-0.19,-0.53,-0.35,-0.64,-0.10,-0.07,0.10,-0.25
May-39,6.80,6.24,6.37,5.70,7.06,8.17,7.94,8.38,9.30,9.36,9.23
Jun-39,-5.59,-6.51,-5.20,-6.02,-4.36,-7.67,-8.17,-7.24,-7.60,-9.21,-5.96
Jul-39,10.42,9.04,9.71,8.26,10.98,12.50,11.86,13.06,14.34,13.41,15.13
Aug-39,-6.62,-6.50,-5.84,-5.83,-5.86,-10.18,-10.61,-9.81,-10.86,-10.41,-11.26
Sep-39,17.38,20.09,15.48,18.17,12.62,20.60,25.62,16.36,25.14,28.87,22.01
Oct-39,-0.66,-1.35,-0.67,-1.17,-0.22,-0.69,-1.65,0.18,-0.12,-2.04,1.62
Nov-39,-3.79,-4.67,-3.14,-4.01,-2.38,-5.99,-6.94,-5.17,-7.05,-7.89,-6.31
Dec-39,2.91,2.25,2.93,2.38,3.53,2.83,2.48,3.14,2.94,1.54,4.15
Jan-40,-2.49,-2.92,-2.49,-2.91,-2.04,-2.80,-3.97,-1.79,-2.33,-2.96,-1.77
Feb-40,1.41,1.51,1.12,1.31,0.91,0.76,0.71,0.80,2.94,2.67,3.16
Mar-40,2.03,1.41,1.94,1.42,2.50,2.45,2.57,2.35,2.52,1.23,3.68
Apr-40,0.15,0.20,-0.05,-0.08,-0.03,-0.67,-0.46,-0.84,0.93,1.45,0.48
May-40,-22.01,-21.54,-21.11,-20.60,-21.64,-23.80,-24.87,-22.88,-27.12,-27.25,-27.00
Jun-40,6.61,8.11,6.58,8.28,4.76,7.22,9.49,5.31,6.91,7.01,6.83
Jul-40,3.31,2.65,3.13,2.43,3.86,3.12,3.08,3.15,4.50,4.13,4.84
Aug-40,2.17,1.46,2.15,1.28,3.05,2.79,2.81,2.77,2.21,2.59,1.87
Sep-40,2.50,1.45,2.28,1.15,3.42,3.24,3.18,3.28,3.67,3.09,4.20
Oct-40,3.15,5.28,2.65,4.86,0.46,4.49,5.73,3.43,6.04,7.99,4.31
Nov-40,-1.56,-0.92,-1.83,-1.10,-2.59,-1.61,-1.11,-2.05,-0.02,0.24,-0.25
Dec-40,0.60,1.21,0.79,1.44,0.10,-0.74,-0.63,-0.84,-0.33,-0.22,-0.42
Jan-41,-4.32,-3.21,-4.41,-3.27,-5.64,-3.05,-2.08,-3.93,-4.04,-3.15,-4.85
Feb-41,-1.50,-1.48,-1.44,-1.46,-1.42,-1.93,-2.43,-1.47,-1.86,-1.52,-2.18
Mar-41,1.01,1.58,0.97,1.48,0.42,1.50,3.06,0.09,1.05,1.96,0.19
Apr-41,-5.54,-4.66,-5.51,-4.71,-6.40,-4.65,-3.54,-5.69,-5.73,-4.28,-7.13
May-41,1.59,1.99,1.60,2.11,1.03,1.62,2.76,0.52,1.44,1.14,1.73
Jun-41,5.77,5.18,5.70,4.95,6.55,5.72,5.24,6.19,5.94,6.31,5.59
Jul-41,6.00,6.77,5.17,5.69,4.60,7.83,7.99,7.70,10.35,12.47,7.94
Aug-41,-0.13,-0.72,-0.09,-0.83,0.75,-0.32,-0.59,-0.09,-0.43,-0.04,-0.81
Sep-41,-0.90,-1.65,-0.81,-1.68,0.15,-0.70,-0.77,-0.65,-1.32,-1.30,-1.33
Oct-41,-4.97,-3.53,-4.84,-3.12,-6.69,-5.01,-3.47,-6.26,-5.77,-6.29,-5.26
Nov-41,-1.74,-1.50,-1.68,-1.41,-1.98,-2.46,-2.83,-2.15,-1.84,-1.85,-1.82
Dec-41,-4.98,-5.83,-4.73,-5.61,-3.74,-6.18,-7.10,-5.42,-5.89,-6.52,-5.29
Jan-42,0.51,2.39,-0.36,1.45,-2.35,4.76,8.59,1.68,4.63,7.28,2.05
Feb-42,-2.40,-2.39,-2.52,-2.51,-2.54,-2.43,-1.61,-3.14,-1.63,-1.48,-1.78
Mar-42,-6.33,-7.12,-6.58,-7.38,-5.66,-5.88,-6.06,-5.73,-4.79,-5.32,-4.25
Apr-42,-4.38,-4.70,-4.25,-4.67,-3.78,-5.25,-4.01,-6.37,-5.36,-5.00,-5.72
May-42,5.76,4.33,6.23,4.49,8.17,4.75,2.18,7.10,3.00,3.47,2.54
Jun-42,2.83,1.66,2.95,1.71,4.28,2.94,1.90,3.83,2.17,1.29,3.06
Jul-42,3.56,4.67,3.43,4.65,2.09,4.75,5.97,3.50,4.37,4.76,3.98
Aug-42,1.93,2.25,1.86,2.30,1.36,2.25,2.14,2.37,2.28,1.75,2.85
Sep-42,2.80,2.71,2.73,2.55,2.94,2.90,3.83,1.92,2.96,3.46,2.44
Oct-42,6.75,7.98,6.36,7.63,4.96,7.19,9.56,4.65,8.91,9.85,7.93
Nov-42,0.26,-0.23,0.51,-0.03,1.12,-0.33,-0.95,0.38,-1.07,-1.26,-0.88
Dec-42,5.20,4.70,5.33,4.80,5.94,6.72,6.78,6.65,4.65,4.36,4.96
Jan-43,6.92,7.66,6.20,6.68,5.66,8.60,10.17,6.85,10.18,12.51,7.72
Feb-43,6.29,7.97,5.80,7.50,3.89,7.76,9.56,5.68,8.57,10.06,6.99
Mar-43,5.98,6.93,5.22,6.16,4.13,9.53,11.36,7.34,10.12,11.35,8.79
Apr-43,0.74,1.72,0.28,1.10,-0.66,1.36,2.94,-0.33,3.30,5.66,0.89
May-43,5.71,5.94,5.35,5.42,5.28,5.27,6.58,4.20,7.52,9.03,6.08
Jun-43,1.83,1.42,1.96,1.51,2.45,1.81,0.16,3.19,0.97,1.06,0.88
Jul-43,-4.68,-4.06,-4.36,-3.43,-5.43,-5.74,-6.54,-5.00,-6.55,-7.94,-4.99
Aug-43,1.27,1.16,1.34,1.23,1.48,1.54,1.08,1.96,1.03,0.88,1.20
Sep-43,2.45,2.51,2.30,2.24,2.37,2.52,3.34,1.81,3.29,4.11,2.41
Oct-43,-1.08,-0.65,-1.19,-0.75,-1.70,-1.26,-0.99,-1.50,-0.39,0.01,-0.83
Nov-43,-5.86,-6.36,-5.47,-5.89,-4.96,-7.72,-8.55,-6.96,-8.13,-9.05,-7.10
Dec-43,6.37,6.82,5.84,6.14,5.48,8.07,8.46,7.74,9.49,11.10,7.75
Jan-44,1.61,2.03,1.28,1.66,0.85,2.34,2.59,2.12,3.40,4.14,2.58
Feb-44,0.51,0.72,0.42,0.66,0.12,0.84,1.49,0.25,0.93,0.91,0.95
Mar-44,2.55,2.42,2.31,2.03,2.65,2.91,4.09,1.84,3.77,4.51,2.92
Apr-44,-1.63,-1.68,-1.42,-1.42,-1.42,-2.45,-2.68,-2.23,-2.86,-3.16,-2.50
May-44,4.92,5.04,4.62,4.70,4.52,5.80,6.79,4.88,6.77,7.34,6.11
Jun-44,5.51,5.04,4.87,4.19,5.66,7.01,7.45,6.60,9.05,10.19,7.71
Jul-44,-1.47,-1.28,-1.53,-1.29,-1.80,-1.31,-1.92,-0.82,-0.97,-0.95,-1.00
Aug-44,1.44,1.05,1.17,0.70,1.72,1.95,2.06,1.84,3.14,3.35,2.90
Sep-44,0.09,-0.15,0.11,-0.17,0.44,0.09,-0.22,0.40,-0.11,-0.08,-0.13
Oct-44,0.20,0.56,0.30,0.73,-0.20,-0.07,-0.12,-0.02,-0.48,-0.64,-0.31
Nov-44,1.79,2.32,1.74,2.31,1.07,1.94,2.99,0.87,1.97,2.31,1.63
Dec-44,4.21,5.40,3.72,4.92,2.37,5.09,6.97,3.60,7.04,8.18,5.92
Jan-45,1.99,2.25,1.67,1.95,1.34,2.70,2.31,3.01,3.71,4.10,3.32
Feb-45,6.26,6.69,5.84,6.16,5.46,7.51,9.04,6.27,8.75,10.12,7.35
Mar-45,-3.91,-3.81,-3.60,-3.44,-3.78,-3.83,-3.86,-3.80,-5.41,-5.79,-5.01
Apr-45,7.78,7.75,7.51,7.32,7.73,8.20,8.17,8.22,9.49,10.73,8.20
May-45,1.71,1.76,1.51,1.54,1.48,1.37,2.04,0.83,2.73,2.99,2.46
Jun-45,0.29,1.66,-0.29,1.06,-1.86,1.15,2.86,-0.28,3.11,4.86,1.36
Jul-45,-2.22,-2.67,-1.96,-2.37,-1.50,-3.56,-3.72,-3.42,-3.65,-4.37,-2.80
Aug-45,6.08,3.79,5.92,3.40,8.67,7.28,6.23,8.19,7.06,6.04,8.25
Sep-45,4.81,4.75,4.48,4.35,4.62,5.93,6.99,5.04,6.65,6.91,6.35
Oct-45,4.05,5.35,3.73,5.23,2.19,5.08,6.95,3.47,5.38,5.67,5.05
Nov-45,5.40,6.96,4.68,6.52,2.73,8.90,10.80,7.21,9.29,9.07,9.55
Dec-45,1.29,0.66,1.01,0.25,1.86,1.72,1.29,2.12,2.91,3.10,2.70
Jan-46,6.24,5.97,5.80,5.42,6.20,7.10,8.65,5.67,8.32,8.68,7.96
Feb-46,-5.85,-5.78,-5.67,-5.52,-5.84,-6.08,-6.48,-5.70,-6.92,-7.62,-6.19
Mar-46,5.89,6.30,5.71,6.27,5.10,7.32,7.06,7.56,7.53,6.95,8.13
Apr-46,4.31,4.57,4.04,4.35,3.71,4.16,3.54,4.73,5.72,5.96,5.47
May-46,4.00,4.40,3.68,4.24,3.06,5.91,7.58,4.38,6.13,5.60,6.67
Jun-46,-3.79,-3.04,-3.53,-2.66,-4.48,-5.47,-5.28,-5.65,-5.51,-5.52,-5.50
Jul-46,-2.68,-2.30,-2.43,-1.99,-2.91,-3.83,-4.55,-3.05,-4.08,-4.18,-3.96
Aug-46,-6.39,-6.42,-6.14,-6.19,-6.08,-6.47,-6.74,-6.18,-7.88,-7.86,-7.90
Sep-46,-10.05,-10.09,-9.48,-9.50,-9.44,-11.50,-12.77,-10.14,-13.24,-13.68,-12.84
Oct-46,-1.53,-0.82,-1.55,-0.88,-2.30,-1.37,-0.51,-2.26,-1.40,-0.43,-2.31
Nov-46,0.15,0.60,0.14,0.61,-0.39,0.41,0.24,0.59,0.42,0.74,0.12
Dec-46,4.95,4.50,4.91,4.42,5.46,5.89,5.55,6.25,5.42,5.22,5.60
Jan-47,1.20,0.80,0.98,0.50,1.52,0.84,1.93,-0.31,2.25,2.49,2.02
Feb-47,-0.85,-1.58,-0.89,-1.77,0.11,-1.41,-1.32,-1.51,-0.68,-0.43,-0.92
Mar-47,-1.55,-1.26,-1.34,-1.06,-1.65,-1.45,-2.02,-0.82,-2.65,-2.39,-2.90
Apr-47,-4.74,-4.09,-4.19,-3.51,-4.95,-7.01,-7.92,-6.04,-7.82,-7.59,-8.04
May-47,-1.04,-0.80,-0.60,-0.40,-0.82,-3.00,-2.73,-3.28,-3.30,-3.03,-3.57
Jun-47,5.25,4.18,5.21,3.95,6.62,6.29,6.20,6.39,5.54,5.64,5.44
Jul-47,4.20,4.63,3.80,4.17,3.46,5.13,7.00,3.25,6.40,7.21,5.63
Aug-47,-1.72,-1.79,-1.85,-1.93,-1.77,-2.54,-3.57,-1.47,-0.84,-0.94,-0.73
Sep-47,-0.48,-0.45,-0.70,-0.79,-0.62,0.54,0.98,0.08,0.77,1.38,0.18
Oct-47,2.71,2.67,2.56,2.63,2.50,2.37,2.16,2.60,3.47,2.92,4.01
Nov-47,-1.89,-1.79,-1.73,-1.67,-1.79,-2.64,-2.84,-2.43,-2.78,-2.51,-3.04
Dec-47,3.19,4.11,3.38,4.47,2.38,3.23,3.08,3.37,2.15,2.01,2.30
Jan-48,-3.96,-3.45,-4.30,-3.89,-4.69,-3.32,-2.58,-4.08,-2.20,-1.10,-3.26
Feb-48,-4.37,-3.86,-4.07,-3.45,-4.66,-4.94,-5.11,-4.76,-6.03,-6.15,-5.91
Mar-48,8.33,8.41,8.12,7.92,8.31,10.31,10.70,9.91,9.45,11.15,7.78
Apr-48,3.87,5.21,3.83,5.30,2.41,4.13,4.91,3.30,4.11,4.59,3.70
May-48,7.58,6.42,7.41,6.08,8.71,7.77,7.97,7.56,8.50,8.66,8.36
Jun-48,0.07,0.96,0.32,1.27,-0.60,-0.96,-0.56,-1.39,-1.50,-1.11,-1.84
Jul-48,-5.04,-5.07,-4.99,-4.98,-5.00,-4.84,-4.22,-5.40,-5.26,-5.66,-4.86
Aug-48,0.34,-0.06,0.41,-0.08,0.93,0.17,0.40,-0.04,0.11,0.24,-0.01
Sep-48,-2.88,-2.93,-2.64,-2.61,-2.67,-3.80,-3.91,-3.70,-4.19,-4.74,-3.67
Oct-48,6.08,5.91,6.25,6.04,6.47,5.43,5.70,5.18,5.15,5.09,5.22
Nov-48,-9.38,-10.27,-9.14,-9.95,-8.30,-9.71,-11.42,-8.15,-10.61,-12.27,-9.03
Dec-48,3.49,2.52,3.83,2.70,5.00,3.04,1.75,4.18,1.73,1.82,1.64
Jan-49,0.18,-0.31,-0.02,-0.60,0.57,1.28,1.82,0.82,1.06,1.08,1.04
Feb-49,-2.93,-3.20,-2.76,-3.00,-2.52,-1.90,-1.91,-1.89,-3.83,-4.31,-3.35
Mar-49,4.20,4.08,3.88,3.56,4.21,4.32,4.34,4.30,5.97,7.31,4.63
Apr-49,-1.70,-1.28,-1.41,-0.77,-2.04,-2.58,-2.38,-2.75,-3.51,-4.49,-2.59
May-49,-2.92,-3.84,-2.76,-3.74,-1.78,-1.89,-2.40,-1.45,-3.52,-4.18,-2.86
Jun-49,0.18,-0.50,0.42,-0.32,1.14,0.46,-0.30,1.12,-1.31,-1.70,-0.93
Jul-49,5.60,5.43,5.44,5.26,5.61,5.73,5.94,5.54,6.73,6.53,6.95
Aug-49,2.76,2.71,2.79,2.78,2.79,2.01,1.83,2.18,2.64,2.29,3.04
Sep-49,3.18,3.20,2.97,3.04,2.91,3.91,4.53,3.36,4.47,4.21,4.76
Oct-49,3.26,2.96,3.23,2.88,3.57,2.65,2.43,2.84,3.12,3.18,3.05
Nov-49,1.90,0.85,2.00,0.81,3.16,2.13,2.28,2.00,1.58,1.24,2.00
Dec-49,5.20,4.44,4.87,3.83,5.86,6.04,6.87,5.33,7.06,7.70,6.26
Jan-50,1.68,2.12,1.32,1.80,0.87,2.26,3.99,0.73,3.67,3.76,3.57
Feb-50,1.49,1.01,1.49,1.04,1.92,1.77,1.82,1.72,1.29,0.79,1.81
Mar-50,1.39,0.94,1.68,1.33,2.01,0.88,-0.50,2.15,-0.33,-1.16,0.60
Apr-50,4.21,3.61,4.02,3.09,4.88,3.52,4.08,3.03,5.20,6.43,3.72
May-50,4.56,4.59,4.82,4.80,4.84,3.81,3.32,4.25,3.09,3.29,2.90
Jun-50,-5.81,-5.56,-5.52,-5.21,-5.79,-7.10,-7.37,-6.87,-7.29,-7.24,-7.34
Jul-50,1.42,5.75,0.89,5.07,-3.50,2.49,6.66,-1.42,4.16,9.93,-1.57
Aug-50,4.96,3.80,4.96,3.61,6.21,4.21,3.85,4.57,4.98,4.87,5.12
Sep-50,4.91,3.98,4.76,3.72,5.68,5.95,6.55,5.34,6.06,5.56,6.63
Oct-50,-0.06,0.02,0.02,0.05,-0.02,-1.21,-1.33,-1.10,-0.49,-0.13,-0.88
Nov-50,2.98,3.37,2.89,3.03,2.73,3.90,3.85,3.94,3.51,5.40,1.42
Dec-50,5.63,7.54,5.14,6.95,3.13,6.23,9.00,3.42,8.07,10.97,5.15
Jan-51,5.85,6.38,5.54,6.01,5.11,6.61,6.88,6.32,7.49,8.23,6.76
Feb-51,1.57,0.91,1.70,1.05,2.31,2.09,2.42,1.74,0.87,0.13,1.61
Mar-51,-2.10,-3.38,-1.78,-3.00,-0.65,-2.74,-4.04,-1.33,-3.80,-5.34,-2.27
Apr-51,5.13,5.99,5.25,6.05,4.53,4.66,4.90,4.41,4.39,5.70,3.02
May-51,-2.31,-2.29,-2.30,-2.22,-2.37,-1.85,-1.83,-1.88,-2.23,-2.52,-1.93
Jun-51,-2.50,-2.63,-1.99,-1.82,-2.15,-3.05,-4.40,-1.64,-5.40,-7.25,-3.58
Jul-51,7.05,7.34,7.16,7.38,6.93,7.51,8.05,7.04,6.57,7.34,5.88
Aug-51,4.39,4.95,4.36,5.04,3.63,3.67,4.06,3.33,4.46,4.18,4.71
Sep-51,0.75,0.62,0.49,0.29,0.70,2.18,2.83,1.60,2.25,2.76,1.78
Oct-51,-2.40,-1.16,-2.36,-0.87,-3.97,-2.44,-2.09,-2.74,-2.68,-3.21,-2.19
Nov-51,0.72,0.57,0.62,0.53,0.73,1.29,1.67,0.95,1.50,1.04,1.92
Dec-51,3.54,2.96,3.90,3.27,4.60,2.30,1.95,2.61,1.53,1.06,1.95
Jan-52,1.58,2.72,1.58,2.90,0.13,1.90,1.44,2.31,1.58,1.58,1.57
Feb-52,-2.52,-2.90,-2.63,-3.03,-2.18,-2.16,-2.59,-1.78,-1.74,-2.08,-1.37
Mar-52,4.66,5.05,4.97,5.31,4.59,4.17,5.04,3.41,2.85,3.57,2.06
Apr-52,-4.84,-4.98,-4.91,-5.13,-4.67,-4.81,-4.92,-4.72,-4.24,-3.88,-4.64
May-52,3.34,3.05,3.45,3.07,3.87,2.92,3.00,2.84,2.78,3.12,2.49
Jun-52,4.02,4.26,4.14,4.36,3.90,3.18,3.76,2.67,3.33,3.60,3.09
Jul-52,1.07,0.92,1.09,0.94,1.26,1.35,1.83,0.89,0.96,0.76,1.14
Aug-52,-0.63,-0.92,-0.78,-0.99,-0.54,-0.13,0.13,-0.37,0.25,-0.61,1.02
Sep-52,-1.84,-2.30,-1.90,-2.33,-1.43,-1.56,-1.71,-1.42,-1.49,-2.13,-0.91
Oct-52,-0.52,-0.15,-0.43,-0.03,-0.86,-1.13,-1.68,-0.60,-1.06,-0.90,-1.20
Nov-52,6.07,5.54,6.16,5.47,6.92,6.46,7.93,5.06,5.59,6.14,5.11
Dec-52,3.08,3.22,3.20,3.36,3.02,2.32,2.36,2.28,2.42,2.23,2.58
Jan-53,-0.21,-0.02,-0.63,-0.49,-0.78,0.58,1.28,-0.10,2.23,3.22,1.36
Feb-53,-0.13,-0.12,-0.33,-0.26,-0.40,0.38,0.49,0.27,0.90,0.69,1.08
Mar-53,-1.32,-1.45,-1.33,-1.44,-1.21,-1.00,-1.62,-0.38,-1.23,-1.62,-0.89
Apr-53,-2.69,-2.67,-2.77,-2.80,-2.74,-2.26,-2.32,-2.21,-2.16,-1.85,-2.44
May-53,0.74,0.76,0.75,0.73,0.78,0.73,0.95,0.52,0.64,1.00,0.31
Jun-53,-1.71,-1.32,-1.48,-1.02,-1.97,-2.83,-2.88,-2.78,-2.98,-3.25,-2.74
Jul-53,2.54,2.53,2.69,2.67,2.71,1.85,1.56,2.11,1.63,1.57,1.69
Aug-53,-4.36,-5.07,-4.26,-4.91,-3.57,-4.33,-5.39,-3.42,-4.84,-6.18,-3.54
Sep-53,0.37,-0.19,0.56,0.03,1.12,0.21,-0.45,0.77,-0.70,-1.49,0.05
Oct-53,4.73,4.53,4.85,4.60,5.10,4.34,4.24,4.42,4.14,4.26,4.02
Nov-53,2.92,2.35,3.02,2.38,3.67,3.11,3.17,3.07,2.33,2.26,2.40
Dec-53,0.17,-0.19,0.40,0.11,0.69,0.34,-0.39,0.94,-1.13,-2.08,-0.24
Jan-54,5.24,6.55,5.04,6.44,3.63,5.70,6.95,4.69,6.45,7.06,5.79
Feb-54,1.72,1.71,1.74,1.73,1.75,1.98,2.03,1.94,1.74,1.76,1.73
Mar-54,3.75,3.26,3.86,3.33,4.41,3.66,3.07,4.15,3.07,2.83,3.32
Apr-54,4.43,4.13,4.88,4.62,5.14,2.54,2.77,2.34,1.70,1.09,2.33
May-54,3.15,3.38,2.99,3.17,2.82,3.99,4.76,3.35,4.19,4.93,3.46
Jun-54,1.12,-0.46,1.06,-0.75,2.90,1.81,2.58,1.17,1.55,1.50,1.61
Jul-54,5.05,5.79,4.74,5.49,4.03,6.39,6.76,6.07,6.76,7.31,6.17
Aug-54,-2.33,-1.68,-2.52,-1.75,-3.27,-2.08,-2.05,-2.10,-1.27,-1.43,-1.10
Sep-54,6.62,6.52,6.96,6.79,7.14,4.88,5.64,4.22,4.45,4.97,3.90
Oct-54,-1.60,-1.17,-1.77,-1.30,-2.25,-0.73,-0.39,-1.03,-0.48,-0.30,-0.68
Nov-54,9.51,9.22,9.53,9.03,10.03,9.87,11.62,8.35,9.50,10.69,8.24
Dec-54,5.63,6.92,5.23,6.41,4.08,6.32,8.71,4.18,7.79,9.97,5.55
Jan-55,0.66,1.09,0.49,0.99,-0.01,0.57,0.55,0.60,1.63,1.67,1.59
Feb-55,3.09,2.97,2.85,2.73,2.96,3.39,3.23,3.54,4.54,4.40,4.67
Mar-55,-0.06,0.10,-0.08,-0.06,-0.09,0.21,-0.52,0.90,0.04,1.43,-1.16
Apr-55,3.32,2.50,3.51,2.58,4.46,2.35,2.15,2.54,1.96,1.77,2.13
May-55,1.13,0.09,1.20,-0.02,2.40,1.22,1.04,1.39,0.73,0.92,0.56
Jun-55,6.86,7.01,7.41,7.61,7.21,4.75,5.22,4.32,3.24,2.87,3.57
Jul-55,1.98,2.14,2.18,2.31,2.06,0.04,0.84,-0.68,0.53,0.89,0.21
Aug-55,0.40,0.02,0.33,-0.08,0.69,0.72,0.42,0.99,0.99,0.81,1.14
Sep-55,-0.17,-0.05,-0.05,0.04,-0.13,-2.16,-1.92,-2.36,-1.08,-0.72,-1.38
Oct-55,-2.51,-1.75,-2.67,-1.84,-3.40,-2.00,-2.70,-1.38,-1.47,-1.21,-1.70
Nov-55,7.20,6.39,7.41,6.51,8.22,6.53,6.07,6.92,6.08,5.85,6.28
Dec-55,1.70,1.48,1.61,1.47,1.74,2.07,1.44,2.62,2.29,1.34,3.12
Jan-56,-2.83,-1.28,-2.84,-1.07,-4.39,-2.86,-2.00,-3.60,-3.01,-2.86,-3.13
Feb-56,4.04,2.94,4.13,2.90,5.25,3.75,3.52,3.95,3.51,3.34,3.65
Mar-56,6.93,7.23,7.20,7.53,6.91,6.22,6.03,6.38,5.27,5.14,5.39
Apr-56,0.48,1.65,0.46,1.80,-0.74,-0.15,-0.78,0.39,0.64,0.65,0.64
May-56,-5.03,-5.58,-5.19,-5.72,-4.71,-3.65,-4.71,-2.74,-3.86,-4.59,-3.23
Jun-56,3.74,2.41,3.91,2.48,5.19,3.36,2.16,4.37,2.86,2.14,3.46
Jul-56,5.06,5.52,5.18,5.71,4.53,4.93,4.94,4.91,4.37,4.10,4.62
Aug-56,-3.06,-3.38,-3.23,-3.56,-2.83,-1.98,-2.35,-1.61,-2.04,-2.08,-2.01
Sep-56,-5.00,-4.27,-5.24,-4.46,-6.21,-4.78,-3.65,-5.87,-3.58,-3.04,-4.09
Oct-56,0.75,0.70,0.73,0.66,0.82,0.97,0.98,0.96,0.87,1.08,0.67
Nov-56,0.58,2.02,0.52,2.10,-1.45,1.16,1.25,1.07,1.07,1.54,0.61
Dec-56,3.46,3.80,3.57,3.98,3.05,2.87,2.67,3.07,2.85,2.70,3.00
Jan-57,-3.53,-2.97,-4.01,-3.32,-4.92,-1.59,-1.65,-1.53,-0.76,-0.70,-0.81
Feb-57,-1.83,-1.90,-1.76,-1.82,-1.68,-1.82,-1.70,-1.93,-2.24,-2.60,-1.89
Mar-57,2.38,2.49,2.36,2.52,2.15,2.37,2.26,2.47,2.61,2.47,2.75
Apr-57,4.63,3.99,4.96,4.19,5.97,3.37,3.18,3.55,2.55,2.45,2.65
May-57,3.81,3.90,4.05,4.15,3.93,3.36,3.36,3.36,2.33,2.07,2.57
Jun-57,-0.47,-1.04,-0.40,-1.08,0.49,-2.66,-2.61,-2.71,-1.11,-0.91,-1.31
Jul-57,1.04,0.80,1.12,0.84,1.34,0.20,0.60,-0.13,0.46,0.58,0.33
Aug-57,-4.86,-4.14,-4.79,-3.93,-5.46,-5.22,-4.09,-6.15,-5.42,-5.28,-5.58
Sep-57,-5.77,-4.97,-5.87,-5.02,-6.54,-4.89,-4.81,-4.95,-5.23,-4.75,-5.81
Oct-57,-3.99,-4.12,-3.72,-3.77,-3.69,-4.18,-4.23,-4.15,-5.46,-5.75,-5.14
Nov-57,2.57,2.06,2.58,2.06,3.00,3.60,1.55,5.30,2.80,2.41,3.24
Dec-57,-3.63,-3.85,-3.58,-3.72,-3.47,-2.59,-2.64,-2.55,-3.81,-4.35,-3.21
Jan-58,4.82,5.87,4.05,4.96,3.33,6.50,7.65,5.59,9.44,10.56,8.23
Feb-58,-1.44,-1.13,-1.58,-1.28,-1.83,-0.45,-0.40,-0.49,-0.46,-0.22,-0.72
Mar-58,3.36,3.39,3.28,3.41,3.19,3.21,3.26,3.16,3.88,3.31,4.51
Apr-58,3.17,3.27,3.24,3.33,3.16,3.78,3.34,4.14,2.56,2.84,2.26
May-58,2.40,2.71,2.18,2.51,1.91,2.85,2.88,2.82,3.82,3.77,3.88
Jun-58,3.00,3.06,3.02,3.08,2.96,3.07,2.98,3.15,2.87,2.81,2.94
Jul-58,4.50,3.88,4.33,3.34,5.04,4.81,5.59,4.26,5.64,7.10,4.31
Aug-58,1.91,1.89,1.74,1.68,1.78,2.12,2.50,1.85,2.98,2.86,3.09
Sep-58,4.86,5.27,4.78,4.91,4.68,4.35,4.59,4.18,5.43,7.27,3.71
Oct-58,2.76,2.98,2.65,2.93,2.45,3.24,3.50,3.06,3.46,3.14,3.78
Nov-58,3.11,2.75,2.96,2.40,3.34,4.21,3.68,4.59,3.93,4.56,3.32
Dec-58,5.38,5.84,5.61,6.18,5.16,4.12,3.89,4.38,3.95,3.90,4.00
Jan-59,0.84,2.46,0.41,2.08,-0.92,1.39,2.31,0.32,3.24,4.50,2.02
Feb-59,1.05,1.04,0.72,0.65,0.76,2.22,2.54,1.97,3.21,3.23,3.19
Mar-59,0.50,0.23,0.36,0.07,0.60,0.57,1.06,0.03,1.19,0.79,1.60
Apr-59,3.98,2.59,4.03,2.39,5.20,3.04,3.56,2.66,3.86,3.87,3.85
May-59,2.08,1.17,2.22,1.02,3.17,0.02,0.90,-0.96,1.23,2.32,0.14
Jun-59,0.04,0.45,-0.17,0.24,-0.45,0.83,1.04,0.67,1.55,1.71,1.39
Jul-59,3.42,2.93,3.47,2.89,4.00,2.88,3.56,2.20,3.08,3.04,3.13
Aug-59,-1.20,-1.13,-1.19,-1.00,-1.36,-1.88,-1.93,-1.82,-1.38,-2.06,-0.75
Sep-59,-4.51,-4.27,-4.49,-4.21,-4.74,-5.01,-4.70,-5.33,-4.66,-4.61,-4.70
Oct-59,1.49,1.34,1.37,1.24,1.49,3.13,1.84,4.45,2.40,2.17,2.61
Nov-59,1.84,-0.14,1.85,-0.41,3.89,1.92,1.45,2.38,1.90,1.72,2.07
Dec-59,2.89,3.13,3.03,3.27,2.83,1.38,1.87,0.89,1.84,2.09,1.63
Jan-60,-6.73,-5.24,-7.03,-5.31,-8.54,-5.01,-5.64,-4.39,-5.10,-5.30,-4.91
Feb-60,1.45,0.67,1.49,0.57,2.32,1.72,0.53,2.88,1.20,1.31,1.11
Mar-60,-1.29,-2.18,-1.10,-1.89,-0.41,-1.25,-2.57,0.01,-2.46,-4.09,-0.87
Apr-60,-1.61,-2.44,-1.60,-2.39,-0.91,-0.40,-1.54,0.66,-1.67,-2.86,-0.55
May-60,3.23,1.54,3.31,1.41,4.94,2.97,1.35,4.44,2.81,2.44,3.16
Jun-60,2.31,2.08,2.30,1.99,2.55,2.44,1.86,2.96,2.47,2.76,2.21
Jul-60,-2.22,-0.70,-2.25,-0.56,-3.84,-1.61,-0.58,-2.88,-2.00,-1.55,-2.43
Aug-60,3.24,3.71,3.18,3.71,2.65,3.38,3.64,3.05,3.61,3.58,3.63
Sep-60,-5.81,-4.80,-5.79,-4.60,-6.96,-5.47,-5.24,-5.75,-5.90,-6.10,-5.71
Oct-60,-0.44,0.13,-0.15,0.47,-0.78,-1.07,-0.61,-1.66,-2.19,-1.94,-2.45
Nov-60,4.80,4.10,4.74,4.04,5.45,6.38,5.46,7.56,5.39,4.63,6.15
Dec-60,4.86,6.14,5.01,6.57,3.44,5.04,4.68,5.48,3.99,3.23,4.73
Jan-61,6.40,8.03,6.10,7.81,4.33,6.72,7.55,5.70,8.38,9.59,7.22
Feb-61,3.59,2.97,3.19,2.58,3.84,4.96,4.22,5.88,6.06,5.26,6.85
Mar-61,3.00,3.39,2.67,3.22,2.11,3.17,3.05,3.32,4.83,4.26,5.37
Apr-61,0.45,1.35,0.40,1.42,-0.67,-0.17,0.60,-1.12,0.58,0.66,0.50
May-61,2.63,1.97,2.41,1.69,3.20,3.60,4.03,3.07,3.99,3.81,4.16
Jun-61,-2.79,-3.54,-2.58,-3.50,-1.60,-3.07,-2.83,-3.38,-4.03,-3.59,-4.44
Jul-61,2.99,3.93,3.29,4.30,2.03,2.39,3.26,1.54,1.10,1.25,0.96
Aug-61,2.70,1.71,2.82,1.64,4.32,4.19,2.91,5.45,2.12,2.44,1.83
Sep-61,-1.94,-2.67,-1.82,-2.60,-0.84,-2.45,-3.09,-1.83,-2.61,-3.13,-2.11
Oct-61,2.73,2.31,2.82,2.35,3.39,3.16,2.65,3.63,2.21,2.19,2.24
Nov-61,4.67,5.54,4.63,5.66,3.39,3.63,3.18,4.05,4.75,4.58,4.94
Dec-61,0.07,1.53,0.17,1.70,-1.70,-1.46,0.19,-3.00,-0.70,0.39,-1.84
Jan-62,-3.61,-2.47,-3.92,-2.74,-5.43,-2.04,-0.89,-3.14,-1.97,-1.00,-3.02
Feb-62,2.01,2.33,2.07,2.41,1.63,1.23,1.07,1.38,1.61,1.75,1.45
Mar-62,-0.49,-0.98,-0.45,-0.96,0.23,-0.36,-0.41,-0.32,-0.86,-1.28,-0.39
Apr-62,-6.35,-5.41,-6.33,-5.26,-7.71,-6.67,-6.30,-7.02,-6.41,-6.53,-6.30
May-62,-8.33,-6.71,-8.07,-6.34,-10.38,-8.95,-6.91,-10.94,-10.04,-9.29,-10.87
Jun-62,-8.23,-6.99,-8.26,-6.97,-10.05,-7.72,-6.91,-8.54,-8.00,-7.01,-9.11
Jul-62,6.55,5.15,6.61,5.14,7.89,5.91,5.78,6.05,5.98,4.96,7.04
Aug-62,2.32,1.73,2.22,1.65,2.71,2.58,2.67,2.50,2.96,2.21,3.72
Sep-62,-4.97,-4.56,-4.81,-4.43,-5.26,-5.63,-5.79,-5.47,-5.87,-5.39,-6.34
Oct-62,0.44,0.57,0.83,0.84,0.82,-0.80,-0.50,-1.10,-1.93,-0.94,-2.92
Nov-62,11.12,10.68,10.77,10.33,11.29,13.06,12.43,13.71,13.30,13.03,13.54
Dec-62,1.42,1.64,1.75,2.03,1.41,1.18,0.64,1.73,-0.54,-0.84,-0.23
Jan-63,5.02,4.99,4.72,4.50,4.91,5.20,6.19,4.21,6.58,7.49,5.64
Feb-63,-2.19,-1.62,-2.27,-1.72,-2.92,-1.56,-1.49,-1.62,-1.80,-1.11,-2.52
Mar-63,3.43,3.64,3.68,3.77,3.56,3.04,3.51,2.56,1.80,2.77,0.90
Apr-63,4.84,4.93,4.96,4.98,4.94,4.70,4.89,4.51,4.00,4.59,3.44
May-63,2.04,1.42,1.88,1.04,2.88,2.72,3.60,1.81,2.93,3.72,2.07
Jun-63,-1.84,-1.04,-1.86,-0.93,-2.95,-1.24,-1.30,-1.18,-1.76,-1.81,-1.72
Jul-63,-0.07,0.03,0.11,0.27,-0.05,-0.93,-1.09,-0.77,-1.42,-1.70,-1.18
Aug-63,5.34,5.09,5.36,5.01,5.72,5.81,5.66,5.95,5.45,5.90,5.06
Sep-63,-1.32,-0.98,-1.21,-0.88,-1.55,-2.21,-1.75,-2.64,-2.17,-1.82,-2.49
Oct-63,2.93,1.68,3.12,1.56,4.70,1.47,1.79,1.17,1.79,2.63,0.99
Nov-63,-0.54,0.15,-0.48,0.20,-1.15,-0.29,-0.33,-0.25,-0.80,-0.05,-1.52
Dec-63,2.19,2.22,2.39,2.33,2.44,1.56,2.65,0.57,1.23,1.85,0.62
Jan-64,2.69,2.79,2.80,2.75,2.85,1.30,1.43,1.18,1.70,2.91,0.51
Feb-64,1.79,1.69,1.64,1.41,1.86,2.38,2.64,2.15,2.78,3.69,1.90
Mar-64,1.77,2.20,1.50,1.70,1.29,2.39,3.67,1.21,3.66,5.71,1.65
Apr-64,0.41,0.74,0.56,0.87,0.25,-0.86,-1.44,-0.29,-0.58,0.05,-1.23
May-64,1.62,1.39,1.63,1.32,1.93,1.19,1.73,0.68,1.75,1.92,1.57
Jun-64,1.63,2.15,1.63,2.21,1.06,1.52,1.68,1.37,1.70,1.88,1.52
Jul-64,2.08,1.47,2.01,1.30,2.71,3.06,2.35,3.78,2.37,2.36,2.39
Aug-64,-1.11,-1.08,-1.18,-1.18,-1.18,-0.73,-0.28,-1.17,-0.72,-0.50,-0.96
Sep-64,2.99,2.98,2.93,2.85,3.00,3.34,4.12,2.69,3.35,3.83,2.87
Oct-64,0.90,1.21,0.76,1.10,0.43,1.15,1.53,0.76,1.80,1.84,1.77
Nov-64,0.25,-0.52,0.30,-0.53,1.10,0.36,-0.64,1.38,-0.12,-0.69,0.49
Dec-64,0.41,0.20,0.55,0.44,0.66,-0.39,-1.01,0.23,-0.34,-1.17,0.53
Jan-65,3.77,2.67,3.45,2.14,4.70,4.83,4.63,5.02,5.68,5.79,5.57
Feb-65,0.60,0.42,0.17,-0.11,0.44,2.69,2.59,2.79,3.49,3.81,3.17
Mar-65,-1.05,-1.05,-1.28,-1.34,-1.22,-0.42,-0.33,-0.52,0.13,0.46,-0.21
Apr-65,3.41,2.59,3.33,2.25,4.34,2.98,3.18,2.77,3.83,4.79,2.84
May-65,-0.34,0.02,-0.29,0.20,-0.71,-0.53,-0.98,-0.17,-0.66,-1.07,-0.24
Jun-65,-4.95,-4.77,-4.43,-4.17,-4.66,-6.40,-7.06,-5.87,-8.15,-8.46,-7.84
Jul-65,1.72,1.67,1.49,1.33,1.63,2.94,3.83,2.14,3.27,3.89,2.71
Aug-65,2.98,2.38,2.69,2.06,3.26,3.86,4.16,3.59,4.97,4.52,5.39
Sep-65,3.26,2.69,3.21,2.55,3.79,3.05,3.31,2.83,3.55,3.50,3.60
Oct-65,2.87,2.41,2.53,1.89,3.09,3.65,4.69,2.72,4.74,5.34,4.20
Nov-65,0.20,-0.11,-0.38,-0.79,-0.02,2.40,2.68,2.14,3.65,3.53,3.76
Dec-65,1.27,1.35,0.91,0.93,0.89,1.69,2.35,1.11,3.33,3.80,2.89
Jan-66,0.94,1.68,0.41,1.03,-0.13,3.21,4.87,1.74,3.62,4.75,2.56
Feb-66,-0.97,-1.15,-1.52,-1.81,-1.27,-0.23,-0.34,-0.13,1.93,2.04,1.83
Mar-66,-2.10,-2.90,-2.06,-2.89,-1.34,-1.02,-1.76,-0.36,-2.63,-3.25,-2.04
Apr-66,2.38,2.35,2.06,1.89,2.20,2.71,2.89,2.55,4.04,4.75,3.36
May-66,-5.10,-5.51,-4.48,-4.78,-4.23,-5.95,-7.16,-4.89,-8.20,-9.20,-7.28
Jun-66,-1.11,-0.60,-1.29,-0.69,-1.78,0.53,2.11,-0.84,-0.13,-0.21,-0.05
Jul-66,-1.24,-0.91,-1.20,-0.84,-1.57,-1.26,-1.62,-0.84,-1.45,-1.48,-1.43
Aug-66,-7.43,-7.14,-7.07,-6.79,-7.36,-8.10,-7.68,-8.60,-9.38,-9.04,-9.74
Sep-66,-0.56,0.08,-0.46,0.25,-1.18,-1.25,-1.48,-0.97,-1.10,-0.88,-1.33
Oct-66,4.54,6.53,5.18,7.27,3.03,4.16,4.78,3.44,1.24,2.53,-0.13
Nov-66,1.73,-0.49,1.31,-0.93,3.70,2.55,1.05,4.34,4.39,2.19,6.81
Dec-66,0.44,0.83,0.17,0.72,-0.40,2.36,2.38,2.35,2.19,1.63,2.77
Jan-67,8.33,8.02,7.36,6.97,7.77,8.75,9.76,7.60,13.58,13.88,13.26
Feb-67,1.04,-0.21,0.81,-0.60,2.26,0.61,-0.74,2.17,1.87,1.65,2.09
Mar-67,4.30,3.94,4.04,3.54,4.53,4.86,4.52,5.23,5.82,6.29,5.33
Apr-67,4.21,2.14,4.21,1.87,6.52,4.12,3.12,5.22,4.16,3.67,4.67
May-67,-4.08,-3.50,-4.57,-3.95,-5.16,-2.75,-3.00,-2.47,-1.28,-0.98,-1.59
Jun-67,2.42,2.48,1.73,1.82,1.64,3.03,3.68,2.34,5.56,5.48,5.64
Jul-67,4.84,4.98,4.46,4.51,4.39,5.48,6.52,4.35,6.68,7.73,5.62
Aug-67,-0.55,-0.51,-0.69,-0.75,-0.62,-0.15,0.27,-0.61,0.15,0.99,-0.72
Sep-67,3.38,2.90,3.12,2.72,3.59,2.04,1.57,2.54,4.47,3.75,5.22
Oct-67,-2.62,-3.91,-2.62,-4.06,-0.94,-4.91,-5.14,-4.66,-2.82,-3.20,-2.44
Nov-67,0.70,0.01,0.69,0.03,1.44,0.77,-0.32,1.92,0.96,0.17,1.75
Dec-67,3.16,3.58,2.52,3.09,1.89,2.98,4.05,1.89,6.52,6.33,6.72
Jan-68,-3.65,-1.89,-4.16,-2.35,-6.19,-3.17,-1.12,-5.32,-1.34,0.34,-3.02
Feb-68,-3.11,-2.68,-2.76,-2.40,-3.17,-4.10,-3.50,-4.76,-4.95,-4.24,-5.66
Mar-68,0.67,-0.63,0.84,-0.66,2.58,-0.19,-0.38,0.03,-0.24,-0.33,-0.15
Apr-68,9.11,7.12,8.37,6.28,10.72,10.17,9.48,10.95,13.01,11.83,14.18
May-68,2.44,1.68,1.61,0.82,2.47,3.76,3.72,3.79,6.63,6.23,7.06
Jun-68,1.20,2.09,1.23,2.19,0.23,1.85,2.39,1.25,0.86,1.39,0.29
Jul-68,-2.12,0.46,-1.90,0.76,-4.77,-3.30,-2.01,-4.39,-3.64,-1.61,-5.61
Aug-68,1.74,2.25,1.46,1.99,1.03,1.90,2.39,1.48,3.28,3.48,3.07
Sep-68,4.23,4.59,3.87,4.38,3.45,6.04,6.10,5.99,6.36,5.48,7.26
Oct-68,0.89,2.37,0.86,2.47,-0.50,1.04,1.70,0.48,1.26,1.93,0.63
Nov-68,5.75,5.56,5.39,5.13,5.61,7.29,7.74,6.90,8.12,8.28,7.96
Dec-68,-3.65,-3.04,-4.08,-3.37,-4.69,-3.20,-2.16,-4.09,-1.57,-1.64,-1.49
Jan-69,-0.78,0.04,-0.69,0.16,-1.43,-0.34,0.20,-0.82,-1.47,-0.58,-2.36
Feb-69,-5.05,-5.38,-4.51,-5.10,-3.99,-7.12,-6.93,-7.28,-8.01,-6.54,-9.48
Mar-69,3.20,3.04,3.32,3.12,3.49,1.90,1.95,1.86,2.34,2.50,2.17
Apr-69,2.11,1.17,2.25,1.20,3.16,1.40,0.10,2.55,1.45,1.05,1.87
May-69,0.32,0.91,0.34,0.99,-0.22,-0.03,0.20,-0.23,0.10,0.26,-0.07
Jun-69,-6.21,-8.19,-5.43,-7.75,-3.45,-7.68,-8.13,-7.31,-10.57,-10.31,-10.84
Jul-69,-6.36,-6.92,-5.91,-6.80,-5.00,-6.72,-6.51,-6.95,-8.86,-7.44,-10.31
Aug-69,5.04,3.64,4.91,3.56,6.26,5.32,3.54,7.31,6.15,4.37,8.02
Sep-69,-2.46,-3.96,-2.60,-4.18,-1.07,-1.77,-3.17,-0.27,-1.25,-2.41,-0.09
Oct-69,5.51,4.23,4.99,3.72,6.29,7.22,6.44,8.04,8.45,7.50,9.38
Nov-69,-3.22,-3.95,-2.89,-3.75,-2.04,-3.68,-4.41,-2.92,-4.95,-5.15,-4.76
Dec-69,-1.89,-3.18,-1.41,-2.81,-0.04,-1.97,-2.66,-1.27,-4.36,-5.01,-3.65
Jan-70,-7.48,-7.10,-7.77,-7.58,-7.95,-7.60,-6.51,-8.67,-6.23,-4.55,-8.03
Feb-70,5.85,7.70,6.10,8.01,4.28,6.39,7.68,5.07,4.49,6.05,2.98
Mar-70,-0.28,1.29,-0.03,1.44,-1.48,-0.34,0.93,-1.66,-1.53,0.52,-3.56
Apr-70,-10.08,-8.85,-9.24,-8.39,-10.08,-11.53,-9.78,-13.35,-15.00,-11.41,-18.73
May-70,-6.12,-4.15,-5.52,-3.45,-7.61,-8.15,-6.97,-9.27,-9.82,-8.63,-10.88
Jun-70,-5.20,-4.88,-4.93,-4.60,-5.25,-4.30,-5.11,-3.50,-6.52,-6.61,-6.45
Jul-70,7.43,9.07,7.44,9.26,5.49,8.18,8.63,7.72,7.76,8.40,7.11
Aug-70,5.01,5.46,4.76,5.34,4.13,5.77,5.31,6.24,6.52,6.16,6.90
Sep-70,4.52,1.67,3.47,0.65,6.61,5.92,4.39,7.49,10.08,7.25,13.02
Oct-70,-1.78,-2.15,-1.19,-1.72,-0.63,-3.46,-3.85,-3.07,-4.93,-4.63,-5.24
Nov-70,5.19,5.71,5.59,6.04,5.13,5.61,6.96,4.29,3.44,4.29,2.59
Dec-70,6.22,6.65,5.78,6.15,5.41,8.06,8.21,7.90,8.74,9.51,7.98
Jan-71,5.00,4.72,4.20,3.83,4.59,7.13,8.32,5.94,9.04,9.33,8.75
Feb-71,1.67,0.97,1.44,0.76,2.15,2.40,1.65,3.16,2.67,1.89,3.48
Mar-71,4.37,2.82,4.08,2.62,5.58,4.85,3.34,6.39,6.08,3.68,8.51
Apr-71,3.55,3.50,3.50,3.39,3.61,3.76,4.29,3.24,4.22,4.49,3.94
May-71,-3.70,-4.44,-3.61,-4.42,-2.82,-3.30,-3.79,-2.81,-3.94,-4.37,-3.50
Jun-71,0.33,-0.36,0.51,-0.17,1.20,0.52,-0.03,1.08,-0.55,-1.41,0.33
Jul-71,-4.10,-3.97,-3.88,-3.79,-3.95,-4.38,-4.53,-4.21,-5.29,-4.81,-5.78
Aug-71,4.25,3.04,4.07,2.64,5.30,4.76,4.58,4.96,5.55,5.35,5.77
Sep-71,-0.46,-1.47,-0.45,-1.45,0.38,-0.29,-1.33,0.88,-0.55,-1.66,0.59
Oct-71,-3.94,-3.93,-3.70,-3.78,-3.64,-3.93,-4.46,-3.34,-5.25,-4.57,-5.98
Nov-71,-0.03,-0.65,0.36,-0.27,0.88,-1.32,-1.92,-0.67,-2.09,-2.46,-1.71
Dec-71,9.09,9.02,8.63,8.59,8.65,10.08,9.76,10.42,11.84,11.19,12.54
Jan-72,2.59,1.93,1.91,1.04,2.60,2.66,3.12,2.17,5.92,5.88,5.96
Feb-72,3.09,1.24,2.98,1.05,4.52,2.33,1.04,3.71,3.61,2.08,5.20
Mar-72,0.86,-0.71,0.89,-0.81,2.19,1.07,1.74,0.37,0.77,-0.05,1.60
Apr-72,0.61,0.50,0.62,0.43,0.76,0.17,0.95,-0.66,0.57,0.84,0.31
May-72,1.58,0.27,1.99,0.61,3.00,0.31,-0.83,1.54,-0.75,-1.48,-0.03
Jun-72,-2.12,-3.11,-2.02,-3.10,-0.52,-3.81,-4.50,-3.09,-2.60,-3.16,-1.97
Jul-72,-0.38,-1.00,0.03,-0.81,0.91,-2.34,-1.59,-3.04,-2.85,-2.11,-3.59
Aug-72,3.58,6.29,3.87,6.79,0.86,3.71,5.84,1.66,2.04,3.45,0.66
Sep-72,-0.72,-1.07,-0.36,-0.83,0.16,-1.74,-1.69,-1.80,-2.72,-2.34,-3.09
Oct-72,0.98,1.57,1.29,1.79,0.75,0.64,1.45,-0.17,-0.55,0.64,-1.73
Nov-72,4.97,7.08,4.79,7.10,2.28,7.21,7.85,6.55,6.17,7.13,5.22
Dec-72,1.02,-0.30,1.41,-0.07,3.09,-1.16,-2.01,-0.26,-1.04,-1.65,-0.42
Jan-73,-2.54,-2.24,-1.93,-1.82,-2.05,-5.69,-4.71,-6.69,-6.37,-5.12,-7.62
Feb-73,-4.12,-4.67,-3.58,-4.50,-2.55,-4.98,-3.01,-7.06,-7.21,-5.56,-8.89
Mar-73,-0.54,0.65,-0.19,0.95,-1.42,-2.20,-1.14,-3.35,-2.61,-1.15,-4.09
Apr-73,-4.56,-2.61,-4.19,-2.32,-6.25,-5.41,-2.99,-8.08,-6.78,-4.28,-9.36
May-73,-2.00,-2.46,-1.23,-2.07,-0.26,-3.42,-2.42,-4.57,-6.56,-4.71,-8.38
Jun-73,-0.90,-0.44,-0.53,-0.16,-0.94,-3.31,-2.12,-4.69,-3.26,-2.44,-4.04
Jul-73,5.59,3.96,4.59,3.40,5.83,8.63,5.60,11.35,11.15,6.87,15.13
Aug-73,-3.07,-2.44,-2.95,-2.27,-3.69,-1.88,-1.77,-2.00,-3.46,-3.22,-3.69
Sep-73,5.35,8.40,4.56,8.23,0.59,10.23,10.62,9.79,10.42,10.02,10.80
Oct-73,-0.20,-0.23,-0.18,-0.37,0.05,-1.01,-0.07,-2.08,-0.48,0.76,-1.66
Nov-73,-12.22,-11.67,-11.18,-11.02,-11.36,-15.90,-14.03,-18.02,-18.46,-15.57,-21.54
Dec-73,1.34,4.23,1.66,4.81,-1.78,3.24,4.94,1.68,-0.05,1.23,-1.23
Jan-74,0.27,0.76,-0.97,-0.59,-1.41,2.16,4.83,-0.34,6.56,8.50,4.69
Feb-74,0.11,1.53,0.08,1.54,-1.61,0.74,2.64,-1.01,0.34,1.56,-0.73
Mar-74,-2.24,-2.60,-2.44,-2.80,-2.01,-3.29,-3.45,-3.15,-1.39,-1.73,-1.09
Apr-74,-4.41,-4.56,-4.22,-4.56,-3.81,-6.08,-5.33,-6.78,-5.72,-4.57,-6.74
May-74,-3.67,-4.54,-3.04,-4.14,-1.76,-6.48,-5.90,-7.04,-7.62,-7.46,-7.77
Jun-74,-2.04,-2.15,-1.89,-2.08,-1.67,-3.27,-3.77,-2.78,-3.02,-2.70,-3.31
Jul-74,-7.45,-4.06,-7.98,-4.27,-11.39,-5.48,-2.61,-8.39,-4.21,-2.66,-5.76
Aug-74,-8.67,-7.43,-8.69,-7.51,-9.86,-9.53,-8.03,-11.14,-8.67,-6.94,-10.45
Sep-74,-11.03,-7.38,-11.45,-7.46,-15.47,-7.82,-5.79,-10.06,-8.59,-6.83,-10.50
Oct-74,16.84,13.29,17.76,14.01,21.90,15.47,12.45,18.98,11.60,9.01,14.50
Nov-74,-3.91,-3.59,-3.86,-3.53,-4.19,-1.63,-1.80,-1.44,-3.93,-3.64,-4.24
Dec-74,-2.68,-1.09,-2.13,-0.31,-4.01,-2.66,-2.28,-3.05,-5.53,-5.19,-5.90
Jan-75,14.04,15.36,12.21,13.47,10.88,17.65,20.79,14.31,23.83,25.53,21.99
Feb-75,6.08,2.97,6.34,2.89,10.11,3.91,2.36,5.70,4.50,3.44,5.65
Mar-75,3.17,2.42,2.56,1.74,3.38,5.04,4.91,5.18,6.53,6.08,7.03
Apr-75,4.76,4.68,4.81,4.85,4.78,4.78,3.80,5.87,4.48,3.83,5.17
May-75,5.67,5.86,5.41,5.78,5.04,5.67,4.85,6.55,7.05,6.17,7.96
Jun-75,5.19,6.44,4.98,6.41,3.56,7.43,8.49,6.31,6.29,6.37,6.21
Jul-75,-6.20,-4.72,-6.67,-4.93,-8.37,-6.24,-5.62,-6.77,-3.89,-3.98,-3.80
Aug-75,-2.33,-1.56,-1.95,-1.04,-2.88,-3.23,-2.38,-3.95,-4.43,-4.62,-4.25
Sep-75,-3.67,-2.99,-3.66,-2.87,-4.47,-3.79,-3.23,-4.27,-3.81,-3.89,-3.74
Oct-75,6.01,5.37,6.46,5.66,7.30,6.13,7.00,5.36,3.56,3.84,3.29
Nov-75,3.12,2.94,3.14,2.82,3.47,3.98,4.64,3.40,3.10,3.78,2.46
Dec-75,-1.13,-0.10,-1.22,-0.09,-2.37,-0.62,0.32,-1.46,-0.40,0.04,-0.80
Jan-76,12.67,13.14,11.82,12.02,11.60,14.61,16.93,12.50,17.41,19.78,15.22
Feb-76,0.50,2.21,-0.59,1.17,-2.42,2.59,4.09,1.18,6.45,8.01,5.00
Mar-76,2.80,2.95,3.00,3.12,2.88,1.79,2.29,1.31,1.49,1.99,1.01
Apr-76,-1.13,-0.23,-1.13,-0.10,-2.24,-1.48,-1.83,-1.14,-1.07,-0.96,-1.17
May-76,-1.00,-0.78,-0.83,-0.50,-1.20,-1.59,-1.47,-1.70,-1.82,-2.35,-1.32
Jun-76,4.56,4.16,4.59,4.05,5.19,5.50,6.27,4.75,4.67,5.28,4.08
Jul-76,-0.60,-0.13,-0.70,-0.27,-1.18,-0.06,0.74,-0.92,0.04,0.90,-0.78
Aug-76,-0.10,0.35,0.16,0.60,-0.33,-0.59,0.43,-1.69,-1.70,-1.21,-2.17
Sep-76,2.57,3.10,2.56,3.22,1.81,2.51,2.70,2.30,2.86,2.36,3.35
Oct-76,-2.05,-1.66,-2.06,-1.65,-2.53,-1.83,-1.70,-1.98,-1.95,-1.67,-2.21
Nov-76,0.75,1.68,0.29,1.35,-0.95,3.32,2.92,3.76,3.88,4.23,3.54
Dec-76,5.96,6.90,5.48,6.56,4.19,7.27,8.29,6.16,8.67,9.10,8.25
Jan-77,-3.83,-1.27,-4.64,-1.84,-6.93,-2.58,-1.29,-4.02,0.62,1.45,-0.20
Feb-77,-1.62,-1.62,-1.68,-1.74,-1.62,-2.23,-1.66,-2.90,-1.51,-1.10,-1.90
Mar-77,-1.04,-0.77,-1.28,-0.94,-1.57,0.04,1.18,-1.31,0.27,0.04,0.49
Apr-77,0.42,2.26,0.22,2.24,-1.53,1.60,2.91,0.03,1.64,2.26,1.05
May-77,-1.12,-0.28,-1.32,-0.40,-2.14,-0.70,-0.71,-0.70,0.03,0.31,-0.23
Jun-77,5.13,4.17,4.88,3.84,5.83,5.44,5.21,5.72,6.60,5.94,7.24
Jul-77,-1.31,-1.38,-1.52,-1.58,-1.46,-1.84,-1.83,-1.85,-0.33,-0.45,-0.19
Aug-77,-1.31,-3.17,-1.44,-3.53,0.42,-1.72,-2.22,-1.30,-0.58,-1.18,0.07
Sep-77,0.08,0.47,-0.09,0.48,-0.57,0.47,0.30,0.61,0.92,0.30,1.58
Oct-77,-3.92,-3.62,-4.14,-3.92,-4.33,-3.57,-3.45,-3.67,-2.66,-2.01,-3.35
Nov-77,4.47,4.19,3.91,3.60,4.18,6.51,6.61,6.42,7.64,7.19,8.12
Dec-77,0.68,0.95,0.50,0.84,0.20,0.44,0.39,0.49,1.58,1.41,1.76
Jan-78,-5.57,-5.03,-5.97,-5.60,-6.29,-5.43,-4.61,-6.13,-3.64,-2.26,-5.08
Feb-78,-1.02,0.14,-1.50,-0.16,-2.67,-0.59,-0.02,-1.10,1.61,1.53,1.70
Mar-78,3.36,3.97,2.82,3.50,2.22,5.00,4.93,5.05,6.39,6.35,6.44
Apr-78,8.56,6.21,8.63,6.08,10.91,7.17,6.18,8.07,8.10,6.78,9.45
May-78,2.19,1.70,1.56,1.12,2.00,3.58,2.69,4.60,5.66,4.87,6.47
Jun-78,-1.24,-1.38,-1.47,-1.73,-1.22,-0.28,0.18,-0.80,0.15,0.84,-0.54
Jul-78,5.71,4.76,5.69,4.71,6.69,6.25,6.64,5.86,5.84,5.09,6.54
Aug-78,4.30,4.21,3.65,3.58,3.72,5.78,4.49,7.20,7.97,7.81,8.13
Sep-78,-0.83,0.70,-0.79,0.90,-2.48,-1.55,-0.60,-2.56,-1.19,-0.68,-1.69
Oct-78,-11.12,-10.57,-9.70,-9.38,-10.02,-14.56,-13.54,-15.57,-19.57,-17.72,-21.36
Nov-78,3.40,3.43,3.02,3.32,2.71,3.12,2.68,3.59,5.68,4.10,7.12
Dec-78,1.63,0.56,1.53,0.40,2.70,1.13,0.80,1.48,2.21,1.63,2.72
Jan-79,5.00,5.90,4.42,5.42,3.39,6.52,7.04,5.88,8.14,8.52,7.79
Feb-79,-3.00,-2.43,-3.05,-2.46,-3.63,-3.64,-3.19,-4.04,-2.74,-2.31,-3.16
Mar-79,6.41,6.31,5.90,5.96,5.84,8.03,8.17,7.90,9.59,8.66,10.50
Apr-79,0.67,0.84,0.38,0.51,0.24,1.42,1.20,1.62,2.39,2.83,1.98
May-79,-1.51,-1.19,-1.52,-1.30,-1.75,-1.23,-1.08,-1.39,-1.41,-0.37,-2.41
Jun-79,4.63,5.54,4.45,5.44,3.42,6.09,6.59,5.58,5.82,6.26,5.38
Jul-79,1.61,2.22,1.37,2.00,0.71,2.91,3.24,2.57,3.29,3.90,2.73
Aug-79,6.30,5.50,6.04,5.27,6.85,6.93,6.15,7.71,7.90,6.99,8.74
Sep-79,-0.10,0.49,-0.04,0.77,-0.88,-0.70,-1.28,-0.13,-0.37,-1.40,0.57
Oct-79,-7.14,-7.06,-6.66,-6.47,-6.85,-8.74,-9.62,-7.90,-10.12,-11.11,-9.24
Nov-79,6.12,5.29,5.75,5.08,6.46,7.64,6.50,8.71,8.48,6.84,9.94
Dec-79,2.60,1.57,2.03,1.09,3.01,3.54,3.04,4.00,5.78,4.55,6.84
Jan-80,6.22,6.91,5.95,6.78,5.12,6.43,5.90,6.91,7.32,7.36,7.27
Feb-80,-0.58,1.68,-0.36,2.36,-3.16,-2.76,-3.23,-2.34,-2.10,-2.89,-1.38
Mar-80,-11.29,-11.94,-10.28,-11.21,-9.27,-13.72,-14.27,-13.23,-17.28,-16.36,-18.23
Apr-80,5.02,5.97,4.79,5.87,3.63,6.64,7.56,5.84,6.58,6.69,6.45
May-80,5.99,5.84,5.67,5.50,5.86,8.23,8.86,7.66,8.12,8.20,8.04
Jun-80,3.35,3.34,3.13,3.18,3.08,4.55,4.09,4.96,4.71,4.31,5.11
Jul-80,7.05,4.56,6.53,4.02,9.37,8.04,5.25,10.86,10.23,7.92,12.54
Aug-80,2.28,1.65,1.70,1.33,2.10,2.91,1.85,3.92,5.34,3.34,7.24
Sep-80,2.97,1.74,2.90,1.71,4.16,2.86,1.02,4.59,3.25,1.85,4.63
Oct-80,2.08,1.96,1.81,1.88,1.74,1.00,-0.38,2.23,3.45,2.29,4.72
Nov-80,10.76,10.07,11.29,11.13,11.44,8.44,3.75,12.48,7.54,3.81,11.52
Dec-80,-3.01,-3.37,-2.98,-3.68,-2.23,-2.27,-0.94,-3.76,-2.97,-1.09,-4.82
Jan-81,-4.14,-2.69,-4.64,-3.32,-6.06,-2.50,0.13,-5.52,-1.22,1.03,-3.52
Feb-81,1.87,1.42,1.97,1.25,2.71,2.26,2.03,2.50,1.45,2.54,0.29
Mar-81,4.48,4.19,3.93,3.61,4.26,8.25,8.11,8.40,7.79,7.52,8.08
Apr-81,-1.05,-0.83,-1.72,-1.55,-1.89,0.87,0.81,0.94,2.99,3.49,2.45
May-81,1.07,0.79,0.69,0.55,0.83,2.81,2.38,3.27,3.30,2.01,4.72
Jun-81,-0.80,1.35,-0.63,1.42,-2.73,-2.06,0.18,-4.47,-1.86,0.79,-4.69
Jul-81,-0.18,-0.78,0.19,-0.61,1.01,-1.60,-3.02,-0.21,-2.35,-1.87,-2.80
Aug-81,-5.82,-4.55,-5.57,-4.42,-6.74,-5.88,-4.57,-7.13,-7.14,-5.20,-8.98
Sep-81,-5.69,-4.53,-5.38,-4.39,-6.41,-6.36,-4.30,-8.40,-7.23,-5.29,-9.13
Oct-81,6.17,4.28,5.87,3.92,7.91,6.67,4.65,8.75,8.04,6.79,9.31
Nov-81,4.34,4.82,4.54,4.83,4.24,3.94,4.59,3.30,3.44,5.11,1.79
Dec-81,-2.71,-2.63,-2.88,-2.84,-2.91,-2.30,-2.03,-2.56,-1.55,-1.41,-1.68
Jan-82,-2.30,-2.17,-2.13,-2.19,-2.08,-4.03,-2.66,-5.39,-3.71,-2.29,-5.16
Feb-82,-4.84,-2.65,-4.94,-2.79,-7.11,-3.69,-1.19,-6.24,-4.17,-1.70,-6.76
Mar-82,-0.69,0.49,-0.70,0.47,-1.93,-0.70,0.73,-2.09,-0.54,0.64,-1.77
Apr-82,4.48,3.21,4.30,2.98,5.71,4.90,4.55,5.26,5.67,4.77,6.55
May-82,-2.81,-2.06,-2.87,-2.13,-3.63,-3.60,-3.27,-3.92,-2.54,-1.69,-3.42
Jun-82,-1.93,-1.32,-1.87,-1.32,-2.43,-2.04,-0.76,-3.33,-2.27,-1.40,-3.18
Jul-82,-2.12,-2.61,-2.22,-2.85,-1.62,-2.36,-2.87,-1.84,-1.45,-1.25,-1.64
Aug-82,11.86,12.51,12.39,13.10,11.73,11.79,12.12,11.44,9.15,9.47,8.86
Sep-82,1.84,1.37,1.50,0.83,2.13,3.08,2.87,3.29,4.09,4.78,3.45
Oct-82,11.84,11.09,11.49,10.86,12.08,14.20,13.60,14.80,14.05,12.59,15.40
Nov-82,5.25,3.68,4.62,2.88,6.21,7.19,6.14,8.25,8.75,7.97,9.46
Dec-82,1.21,1.28,1.23,1.38,1.10,0.71,0.94,0.49,0.89,0.44,1.29
Jan-83,4.11,4.68,3.62,4.61,2.74,3.30,2.88,3.71,6.46,4.54,8.15
Feb-83,3.27,3.02,2.87,2.35,3.35,4.57,4.32,4.82,5.68,6.72,4.69
Mar-83,3.50,4.11,3.31,3.73,2.93,3.80,5.07,2.37,4.57,6.25,2.95
Apr-83,7.32,8.21,7.23,8.23,6.34,6.42,6.44,6.40,7.78,8.03,7.56
May-83,0.89,0.67,-0.07,-0.04,-0.11,3.71,2.64,4.93,6.00,4.50,7.33
Jun-83,3.82,2.13,3.69,1.92,5.48,4.18,2.93,5.59,4.51,3.20,5.90
Jul-83,-3.21,-1.36,-3.35,-1.72,-5.10,-2.95,-1.26,-4.67,-2.37,0.93,-5.54
Aug-83,0.49,2.49,1.12,3.20,-1.13,-1.32,0.97,-3.39,-2.96,-1.52,-4.42
Sep-83,1.74,1.24,1.73,0.91,2.65,3.48,3.49,3.48,2.19,3.57,0.74
Oct-83,-2.42,-0.91,-1.84,-0.57,-3.24,-3.91,-1.95,-5.73,-5.78,-2.92,-8.69
Nov-83,2.77,2.52,2.49,2.27,2.73,4.76,4.34,5.18,4.71,4.23,5.18
Dec-83,-0.95,-0.93,-0.87,-1.05,-0.66,-1.74,-1.08,-2.38,-1.32,-0.14,-2.57
Jan-84,-1.07,2.01,-1.03,2.19,-4.58,-3.76,-1.01,-6.43,-1.64,0.77,-4.03
Feb-84,-3.94,-2.80,-3.69,-2.61,-4.94,-5.49,-4.54,-6.46,-5.37,-3.96,-6.72
Mar-84,1.27,1.12,1.29,1.00,1.55,1.73,2.29,1.15,1.19,1.86,0.54
Apr-84,0.54,0.80,0.70,0.95,0.41,-0.80,-1.46,-0.11,-0.15,-0.02,-0.28
May-84,-5.04,-5.26,-5.02,-5.38,-4.69,-5.10,-5.73,-4.45,-5.17,-4.67,-5.63
Jun-84,2.95,1.61,2.97,1.64,4.48,3.66,1.61,5.78,3.05,1.42,4.67
Jul-84,-2.06,-2.30,-1.68,-2.17,-1.20,-3.26,-2.84,-3.67,-4.09,-2.92,-5.29
Aug-84,11.34,11.20,11.30,11.43,11.17,11.81,10.59,12.97,11.94,10.16,13.82
Sep-84,-0.12,2.03,-0.07,2.09,-2.13,-0.07,2.30,-2.24,-0.37,1.81,-2.60
Oct-84,0.17,-0.16,0.40,-0.17,0.97,-0.66,0.08,-1.37,-0.98,0.09,-2.10
Nov-84,-1.11,0.15,-0.93,0.17,-2.02,-0.65,1.18,-2.41,-1.81,0.41,-4.20
Dec-84,2.46,2.41,2.54,2.53,2.55,2.57,2.09,3.06,2.27,1.89,2.65
Jan-85,8.64,6.97,8.07,6.51,9.64,10.59,8.30,12.89,11.84,9.36,14.60
Feb-85,1.85,2.20,1.70,2.16,1.26,1.23,0.71,1.72,2.43,2.15,2.73
Mar-85,-0.27,0.74,-0.03,0.87,-0.92,-0.70,1.41,-2.69,-1.58,0.09,-3.34
Apr-85,-0.35,1.01,-0.32,1.04,-1.67,-0.42,0.48,-1.31,-0.44,0.99,-1.83
May-85,5.82,5.16,6.13,5.40,6.87,5.23,4.65,5.81,4.25,3.89,4.62
Jun-85,1.67,1.78,1.61,1.65,1.57,2.25,2.65,1.86,2.25,2.82,1.67
Jul-85,-0.22,-1.11,-0.63,-1.61,0.36,0.58,0.61,0.54,2.30,1.87,2.73
Aug-85,-0.48,0.25,-0.42,0.27,-1.11,-0.44,0.12,-0.98,-0.83,0.25,-1.89
Sep-85,-3.86,-3.83,-3.59,-3.80,-3.37,-4.69,-4.45,-4.94,-5.45,-3.91,-6.97
Oct-85,4.70,5.28,4.90,5.52,4.27,4.52,3.96,5.07,3.86,4.05,3.66
Nov-85,7.12,5.58,7.11,5.42,8.88,7.15,6.39,7.89,7.58,6.86,8.32
Dec-85,4.63,3.99,4.68,4.02,5.34,3.98,3.72,4.23,4.49,3.86,5.12
Jan-86,1.03,0.87,0.86,0.73,0.98,1.90,2.57,1.28,1.79,1.52,2.06
Feb-86,7.74,7.39,7.83,7.42,8.24,7.57,7.23,7.89,7.47,7.30,7.64
Mar-86,5.51,5.02,5.62,4.99,6.24,6.23,6.08,6.37,4.94,5.28,4.60
Apr-86,-0.84,-2.24,-1.21,-2.66,0.20,-0.62,-2.34,0.97,1.42,0.31,2.52
May-86,5.21,5.14,5.39,5.25,5.51,5.12,4.54,5.64,4.25,4.57,3.93
Jun-86,1.63,1.57,1.78,1.56,1.98,1.38,1.54,1.22,0.74,1.63,-0.14
Jul-86,-5.90,-4.30,-5.43,-3.81,-6.94,-6.75,-5.66,-7.88,-8.93,-7.32,-10.41
Aug-86,6.64,8.62,7.14,9.23,5.11,6.89,8.51,5.14,4.07,5.23,2.98
Sep-86,-8.24,-6.77,-8.55,-7.13,-9.97,-6.93,-6.32,-7.61,-6.34,-4.55,-8.06
Oct-86,5.26,5.02,5.57,5.45,5.70,5.03,4.62,5.48,3.56,2.35,4.74
Nov-86,1.70,1.65,2.00,1.94,2.06,0.68,0.22,1.18,0.00,-0.22,0.22
Dec-86,-2.75,-3.05,-2.76,-3.12,-2.38,-3.07,-2.67,-3.51,-2.52,-2.45,-2.59
Jan-87,12.82,11.76,13.05,12.04,14.06,12.29,11.17,13.51,11.65,9.97,13.23
Feb-87,4.69,1.62,4.21,0.96,7.42,5.68,4.32,7.14,7.38,5.49,9.12
Mar-87,2.12,2.61,2.12,2.57,1.71,1.23,0.96,1.52,1.96,2.71,1.22
Apr-87,-1.63,-1.47,-1.44,-1.22,-1.64,-2.31,-1.88,-2.75,-2.98,-3.31,-2.69
May-87,0.60,0.28,0.70,0.29,1.08,0.56,-0.09,1.23,0.00,0.03,-0.03
Jun-87,4.65,4.94,4.96,5.14,4.79,4.02,4.12,3.92,2.88,3.86,1.95
Jul-87,4.24,4.04,4.38,4.02,4.72,4.39,4.64,4.13,3.44,4.35,2.58
Aug-87,4.09,3.49,4.25,3.53,4.91,3.62,2.96,4.34,3.45,3.46,3.44
Sep-87,-2.17,-1.60,-2.20,-1.64,-2.71,-1.66,-1.56,-1.76,-2.08,-1.52,-2.62
Oct-87,-22.31,-20.32,-21.21,-19.27,-22.99,-25.18,-22.92,-27.63,-28.86,-26.38,-31.31
Nov-87,-7.46,-6.57,-7.96,-7.16,-8.68,-5.39,-4.05,-6.54,-4.51,-3.37,-5.74
Dec-87,7.23,5.56,7.17,5.52,8.67,8.76,5.37,11.77,8.28,6.06,10.73
Jan-88,4.55,7.04,4.58,7.30,2.07,3.87,5.07,2.57,3.99,5.52,2.37
Feb-88,5.06,4.00,4.58,3.38,5.68,7.42,5.46,9.04,7.98,7.36,8.66
Mar-88,-2.08,-1.45,-2.93,-2.19,-3.64,0.59,0.92,0.24,2.64,2.28,3.01
Apr-88,0.97,1.82,0.86,1.76,0.00,0.42,0.50,0.34,1.61,2.16,1.04
May-88,0.40,1.13,0.72,1.44,0.00,-0.01,0.70,-0.77,-1.43,-0.59,-2.31
Jun-88,5.23,4.57,4.95,4.27,5.63,6.65,6.44,6.88,7.07,6.45,7.74
Jul-88,-0.78,0.06,-0.69,0.10,-1.57,-1.97,-0.58,-3.31,-1.45,-0.23,-2.73
Aug-88,-2.72,-2.40,-2.75,-2.58,-2.95,-1.83,-0.12,-3.47,-2.54,-1.22,-3.84
Sep-88,4.03,3.32,4.26,3.44,5.18,3.34,3.47,3.22,2.84,2.76,2.92
Oct-88,1.93,2.13,2.34,2.43,2.24,0.44,1.27,-0.39,-0.30,0.51,-1.10
Nov-88,-1.68,-1.35,-1.46,-1.18,-1.78,-2.17,-2.32,-2.01,-2.74,-2.15,-3.33
Dec-88,2.15,1.51,1.88,1.23,2.61,2.16,1.23,3.09,3.78,3.19,4.37
Jan-89,6.60,6.52,6.91,6.80,7.02,5.84,6.43,5.27,4.79,4.80,4.78
Feb-89,-1.75,-1.68,-2.18,-2.13,-2.25,-0.06,0.02,-0.15,0.77,0.87,0.66
Mar-89,2.27,2.15,2.26,2.07,2.47,1.41,2.31,0.51,2.30,2.56,2.02
Apr-89,5.11,4.57,5.24,4.64,5.90,5.38,4.84,5.93,4.52,4.31,4.75
May-89,4.15,3.78,4.13,3.77,4.54,3.97,4.20,3.73,4.34,3.89,4.84
Jun-89,-0.61,-0.15,-0.46,-0.15,-0.80,-0.15,1.48,-1.83,-1.57,-0.17,-3.08
Jul-89,7.98,6.38,8.62,6.82,10.64,6.92,5.78,8.11,4.32,3.82,4.84
Aug-89,2.13,2.67,2.00,2.62,1.33,3.35,3.10,3.62,3.08,3.20,2.94
Sep-89,-0.05,-0.43,-0.09,-0.42,0.27,-1.22,-1.43,-1.00,0.22,-0.46,0.94
Oct-89,-2.82,-3.35,-2.37,-2.96,-1.72,-4.11,-4.81,-3.39,-5.43,-5.62,-5.23
Nov-89,1.70,1.28,1.85,1.42,2.32,1.33,0.56,2.10,1.07,0.80,1.36
Dec-89,1.89,2.18,2.20,2.55,1.82,2.05,1.63,2.46,0.28,0.16,0.41
Jan-90,-7.20,-6.81,-7.01,-6.69,-7.35,-7.69,-8.93,-6.45,-8.59,-7.82,-9.40
Feb-90,1.62,2.34,1.44,2.34,0.45,1.84,2.16,1.52,2.91,2.42,3.42
Mar-90,2.49,1.01,2.36,0.77,3.68,2.62,1.37,3.84,3.36,2.25,4.54
Apr-90,-2.65,-3.66,-2.55,-3.62,-1.39,-4.59,-5.74,-3.51,-3.41,-4.12,-2.70
May-90,9.13,7.91,9.42,8.27,10.65,9.34,8.74,9.90,7.60,5.97,9.25
Jun-90,-0.50,-1.96,-0.65,-2.20,1.11,-1.00,-1.39,-0.64,0.21,-0.71,1.10
Jul-90,-1.19,-0.73,-0.72,-0.18,-1.26,-2.37,-3.05,-1.63,-3.98,-4.03,-3.93
Aug-90,-9.45,-8.62,-8.96,-8.27,-9.65,-10.35,-10.22,-10.49,-12.28,-10.60,-13.94
Sep-90,-5.42,-4.68,-4.95,-4.18,-5.72,-7.19,-8.25,-6.06,-8.31,-7.75,-8.88
Oct-90,-1.01,-1.63,-0.40,-1.19,0.41,-2.89,-3.70,-2.04,-4.61,-4.09,-5.15
Nov-90,6.91,6.27,6.77,6.22,7.32,9.01,9.17,8.84,8.51,7.24,9.86
Dec-90,3.08,2.20,2.93,1.99,3.85,4.13,4.32,3.92,4.65,3.89,5.43
Jan-91,5.18,3.82,4.72,3.25,6.16,6.06,5.79,6.34,7.90,6.90,8.91
Feb-91,7.57,6.83,7.15,6.39,7.87,8.21,7.65,8.78,9.75,9.15,10.35
Mar-91,3.10,1.70,2.67,1.16,4.09,3.94,3.36,4.52,5.37,4.65,6.07
Apr-91,0.27,0.81,0.26,0.66,-0.10,0.90,1.85,-0.05,0.17,1.84,-1.42
May-91,4.11,3.46,4.09,3.38,4.74,5.10,5.21,4.98,4.32,4.03,4.62
Jun-91,-4.50,-4.09,-4.56,-4.19,-4.89,-4.62,-4.39,-4.86,-4.11,-3.41,-4.80
Jul-91,4.67,3.68,4.75,3.68,5.97,4.67,4.29,5.06,4.33,3.84,4.82
Aug-91,2.75,1.75,2.56,1.48,3.75,2.43,2.77,2.08,4.07,3.76,4.37
Sep-91,-1.17,-0.71,-1.37,-0.75,-2.03,-0.69,-0.47,-0.93,-0.16,-0.46,0.14
Oct-91,1.68,1.76,1.57,1.69,1.44,1.99,2.11,1.86,2.16,2.20,2.12
Nov-91,-3.68,-4.94,-3.58,-5.02,-1.99,-3.71,-3.99,-3.41,-4.52,-4.63,-4.42
Dec-91,11.16,8.49,11.48,8.63,14.51,10.65,9.59,11.78,9.90,8.08,11.67
Jan-92,-0.52,0.10,-1.67,-1.10,-2.24,1.19,1.92,0.44,5.40,6.63,4.24
Feb-92,1.32,2.15,1.02,1.70,0.33,1.91,2.99,0.79,2.86,4.62,1.13
Mar-92,-2.16,-1.10,-2.04,-1.16,-2.96,-2.89,-1.87,-3.97,-2.84,-0.83,-4.81
Apr-92,1.72,4.09,2.48,4.93,-0.06,1.00,2.61,-0.73,-2.44,-0.57,-4.34
May-92,0.65,0.48,0.63,0.26,1.03,0.69,0.91,0.47,0.93,2.15,-0.30
Jun-92,-1.90,-0.44,-1.61,-0.17,-3.13,-1.79,-0.68,-2.90,-3.34,-1.83,-4.85
Jul-92,4.07,3.90,4.13,3.92,4.34,4.19,3.66,4.77,3.98,3.92,4.04
Aug-92,-2.10,-2.66,-1.98,-2.77,-1.22,-2.09,-2.44,-1.72,-2.72,-1.91,-3.48
Sep-92,1.33,0.95,1.23,0.82,1.62,1.59,1.26,1.94,2.05,1.84,2.25
Oct-92,1.14,-0.30,0.81,-0.67,2.20,2.67,2.26,3.10,3.41,2.05,4.70
Nov-92,4.18,3.24,3.65,2.79,4.44,4.85,3.52,6.23,7.19,5.72,8.53
Dec-92,1.76,2.58,1.44,2.30,0.67,2.86,4.02,1.69,3.67,4.14,3.26
Jan-93,1.01,2.90,0.72,2.55,-0.96,2.35,3.31,1.35,2.41,4.61,0.16
Feb-93,0.54,3.67,1.02,4.09,-1.88,0.08,2.37,-2.35,-2.27,1.23,-5.44
Mar-93,2.44,2.95,2.29,2.81,1.78,3.41,3.41,3.42,3.39,3.72,3.06
Apr-93,-2.82,-0.92,-2.80,-0.69,-4.92,-2.82,-1.74,-4.02,-3.00,-2.41,-3.57
May-93,3.05,1.85,2.77,1.63,3.96,3.65,1.88,5.68,4.83,3.01,6.62
Jun-93,0.48,1.82,0.47,1.90,-0.99,1.41,2.05,0.71,0.52,1.39,-0.29
Jul-93,-0.21,1.42,-0.36,1.38,-1.91,0.12,1.67,-1.45,0.59,1.64,-0.36
Aug-93,3.79,3.99,3.74,4.04,3.45,4.74,4.28,5.22,4.13,3.77,4.46
Sep-93,0.04,0.61,-0.38,0.39,-1.10,0.41,-0.06,0.90,2.36,1.72,2.94
Oct-93,1.58,-0.11,1.48,-0.43,3.29,0.74,-0.72,2.22,1.80,1.33,2.23
Nov-93,-1.44,-2.65,-1.21,-2.64,0.09,-2.73,-3.12,-2.36,-2.75,-2.80,-2.71
Dec-93,1.86,1.94,1.58,1.67,1.50,4.17,3.35,4.95,3.83,3.76,3.89
Jan-94,3.14,3.88,3.18,3.92,2.49,3.23,3.78,2.72,2.58,3.36,1.89
Feb-94,-2.36,-3.26,-2.72,-3.73,-1.76,-1.52,-2.34,-0.75,-0.29,-0.58,-0.02
Mar-94,-4.37,-3.83,-4.23,-3.72,-4.69,-4.63,-3.63,-5.55,-5.25,-4.59,-5.85
Apr-94,1.08,1.66,1.22,1.78,0.69,0.79,1.56,0.07,0.47,1.14,-0.14
May-94,0.98,1.04,1.36,1.26,1.44,-0.28,-0.10,-0.46,-1.26,-0.25,-2.20
Jun-94,-2.65,-2.05,-2.62,-2.19,-3.02,-3.31,-2.87,-3.74,-2.76,-1.18,-4.23
Jul-94,3.12,3.41,3.32,3.62,2.97,3.51,4.02,2.96,2.12,2.15,2.09
Aug-94,4.41,2.94,4.23,2.78,5.76,5.09,3.45,6.89,5.92,4.11,7.63
Sep-94,-2.07,-2.98,-2.42,-3.39,-1.34,-1.96,-2.60,-1.26,-0.20,-0.81,0.43
Oct-94,1.83,1.71,2.13,2.12,2.15,0.53,-0.05,1.16,-0.11,-1.08,0.90
Nov-94,-3.52,-4.18,-3.46,-4.24,-2.59,-4.15,-4.12,-4.18,-3.98,-3.87,-4.09
Dec-94,1.31,1.15,1.28,1.01,1.55,1.31,1.03,1.60,1.99,2.40,1.58
Jan-95,2.31,2.77,2.73,3.17,2.29,1.53,2.63,0.37,-0.61,0.11,-1.33
Feb-95,4.02,3.96,4.00,3.91,4.08,4.62,4.52,4.73,4.39,4.38,4.41
Mar-95,2.63,2.41,2.74,2.58,2.90,2.55,2.10,3.03,2.08,1.31,2.87
Apr-95,2.60,3.12,2.70,3.14,2.23,1.67,2.29,1.01,1.88,2.94,0.83
May-95,3.58,3.92,3.87,4.18,3.53,2.60,3.37,1.75,1.85,2.32,1.38
Jun-95,3.05,2.01,2.64,1.65,3.63,4.00,2.79,5.33,5.13,3.76,6.51
Jul-95,4.06,3.87,3.73,3.74,3.73,5.48,4.14,6.68,6.01,4.64,7.37
Aug-95,0.98,1.52,0.73,1.29,0.16,1.47,2.73,0.37,2.10,2.62,1.54
Sep-95,3.89,3.40,4.22,3.67,4.79,2.46,1.94,2.93,1.94,1.81,2.08
Oct-95,-1.02,-1.02,-0.44,-0.56,-0.32,-2.21,-1.55,-2.79,-4.21,-3.55,-4.93
Nov-95,4.38,4.03,4.42,4.03,4.81,4.43,4.34,4.52,4.57,4.38,4.78
Dec-95,1.51,1.97,1.37,1.85,0.88,-0.04,0.53,-0.62,2.48,2.82,2.09
Jan-96,2.77,2.53,3.23,2.93,3.55,1.85,2.04,1.67,-0.28,0.08,-0.68
Feb-96,1.75,1.77,1.48,1.69,1.27,2.31,0.71,3.73,3.41,2.15,4.63
Mar-96,1.12,1.69,0.88,1.55,0.18,1.39,1.84,0.95,2.55,2.52,2.57
Apr-96,2.26,1.67,1.71,1.33,2.10,3.57,1.53,5.53,5.26,3.30,7.37
May-96,2.73,1.79,2.42,1.41,3.45,1.48,0.96,1.95,3.96,3.55,4.38
Jun-96,-0.52,-0.59,0.10,-0.36,0.56,-1.84,-0.24,-3.31,-3.86,-1.69,-6.07
Jul-96,-5.37,-4.18,-4.77,-3.88,-5.52,-6.30,-4.87,-7.77,-8.85,-5.88,-11.52
Aug-96,3.09,3.71,2.62,3.47,1.88,5.33,5.30,5.36,6.14,5.23,7.00
Sep-96,5.29,3.81,5.50,3.96,6.85,4.53,3.46,5.66,4.41,3.01,5.71
Oct-96,1.61,3.21,2.22,3.66,0.98,0.23,2.69,-2.31,-1.89,0.88,-4.73
Nov-96,6.86,7.16,7.38,7.52,7.26,5.97,6.22,5.70,4.01,5.32,2.74
Dec-96,-1.24,-0.89,-1.66,-1.41,-1.87,-0.62,-0.12,-1.16,1.44,2.14,0.75
Jan-97,5.52,4.40,5.96,4.73,7.04,3.37,3.10,3.66,2.52,2.24,2.78
Feb-97,0.13,0.69,0.50,0.65,0.38,0.05,1.90,-1.99,-2.23,0.90,-5.32
Mar-97,-4.48,-3.18,-4.44,-3.29,-5.42,-4.82,-3.74,-6.03,-4.75,-2.62,-6.87
Apr-97,4.77,3.49,5.55,3.88,7.00,2.50,2.51,2.48,0.33,1.70,-1.02
May-97,6.95,6.39,6.35,6.12,6.55,7.62,6.11,9.27,10.87,7.96,13.80
Jun-97,4.27,4.32,4.16,4.06,4.24,3.33,4.11,2.50,4.82,5.70,3.98
Jul-97,7.74,8.41,8.10,8.89,7.40,7.19,7.12,7.25,5.67,5.60,5.75
Aug-97,-3.89,-2.99,-4.95,-3.82,-6.03,-0.35,-0.35,-0.35,2.44,1.93,2.90
Sep-97,5.75,6.23,5.43,5.98,4.93,5.32,5.57,5.11,7.38,7.50,7.28
Oct-97,-3.39,-3.28,-3.28,-3.34,-3.23,-5.03,-3.63,-6.20,-4.31,-3.30,-5.29
Nov-97,3.61,3.58,4.39,4.06,4.70,2.18,3.71,0.87,-1.00,0.84,-2.67
Dec-97,1.80,2.80,1.95,2.82,1.16,2.21,3.89,0.75,1.41,3.10,-0.17
Jan-98,0.67,-1.16,0.97,-1.06,2.81,-1.46,-1.61,-1.33,-1.31,-1.94,-0.71
Feb-98,7.42,7.50,7.34,7.54,7.17,7.75,6.46,8.88,8.21,7.44,8.94
Mar-98,5.10,5.28,5.17,5.34,5.01,4.62,4.97,4.28,4.60,4.89,4.32
Apr-98,1.24,1.66,1.26,1.73,0.81,0.21,0.29,0.14,0.93,0.98,0.89
May-98,-2.38,-1.66,-1.92,-1.32,-2.49,-3.21,-2.60,-3.80,-5.35,-3.87,-6.75
Jun-98,3.70,1.95,4.26,2.35,6.08,1.13,0.96,1.29,0.65,-0.19,1.47
Jul-98,-2.03,-1.66,-1.15,-0.82,-1.58,-5.06,-5.60,-4.43,-7.22,-7.41,-7.04
Aug-98,-15.38,-15.77,-14.64,-15.54,-13.45,-15.83,-14.44,-17.45,-19.66,-17.17,-22.02
Sep-98,6.49,5.36,6.56,5.39,8.00,6.49,5.46,7.50,6.47,5.61,7.33
Oct-98,7.50,8.27,7.94,8.93,6.78,7.47,6.13,8.79,5.21,4.24,6.16
Nov-98,6.51,6.05,6.59,6.28,6.97,5.45,4.04,7.08,5.66,3.91,7.37
Dec-98,6.38,4.56,6.51,4.68,8.72,5.97,2.61,9.72,6.08,4.07,8.06
Jan-99,3.54,2.61,3.95,3.09,4.94,0.42,-2.09,3.02,0.25,-1.52,1.93
Feb-99,-3.74,-2.88,-3.25,-2.45,-4.15,-2.62,-2.34,-2.89,-6.93,-5.91,-7.86
Mar-99,3.56,2.35,4.01,2.74,5.47,4.23,2.14,6.30,1.40,0.21,2.52
Apr-99,4.25,6.87,3.49,6.51,0.10,6.76,7.52,6.05,9.00,9.02,8.98
May-99,-1.72,-0.91,-2.26,-1.35,-3.35,-0.66,1.49,-2.70,1.57,2.17,1.03
Jun-99,5.25,3.88,5.20,3.76,6.93,3.82,0.57,7.05,5.27,4.42,6.06
Jul-99,-3.05,-3.09,-3.33,-3.44,-3.24,-3.34,-3.61,-3.12,-1.74,-1.44,-2.03
Aug-99,-0.95,-3.04,-0.56,-2.95,1.37,-2.12,-2.76,-1.62,-3.56,-3.61,-3.52
Sep-99,-2.59,-3.93,-2.83,-4.12,-1.85,-4.09,-5.71,-2.83,-1.00,-2.88,0.76
Oct-99,6.31,6.18,7.06,7.26,6.90,5.63,4.10,6.92,2.02,0.79,3.30
Nov-99,2.97,0.62,2.50,0.48,4.18,2.38,-1.84,7.95,5.14,0.70,9.75
Dec-99,7.08,2.99,6.51,2.77,9.45,7.70,2.33,14.18,9.99,3.70,16.42
Jan-00,-4.46,-3.50,-4.83,-3.70,-5.67,-3.68,-6.29,-0.95,-3.40,-3.50,-3.30
Feb-00,1.11,-3.35,-1.13,-4.93,1.74,6.68,-4.65,17.87,13.07,3.01,22.22
Mar-00,7.92,9.94,9.56,10.77,8.70,5.68,12.40,-0.30,-1.25,7.28,-9.07
Apr-00,-3.79,-1.33,-3.47,-1.18,-5.11,-4.19,1.23,-9.53,-4.34,-0.61,-8.34
May-00,-2.81,-1.40,-2.53,-1.12,-3.55,-2.69,0.31,-5.70,-3.90,-2.18,-5.45
Jun-00,3.30,-3.55,2.65,-4.43,7.96,2.88,-3.94,10.07,5.52,-0.21,10.92
Jul-00,-2.03,2.24,-1.96,2.24,-4.50,-1.55,4.01,-5.99,-2.64,2.30,-7.20
Aug-00,7.58,6.70,7.46,6.78,7.89,9.37,6.72,11.72,8.64,6.52,10.56
Sep-00,-4.73,-0.22,-4.88,-0.22,-7.84,-0.87,2.17,-3.46,-3.95,-0.13,-7.28
Oct-00,-1.79,0.83,-1.60,0.97,-3.37,-1.37,2.91,-5.20,-2.47,0.66,-5.42
Nov-00,-9.25,-4.93,-9.45,-5.74,-12.10,-8.21,-0.30,-15.74,-8.03,-0.42,-15.04
Dec-00,1.66,5.97,0.57,5.02,-2.80,6.57,9.19,3.73,8.76,11.23,6.21
Jan-01,3.37,1.62,3.13,1.63,4.37,2.37,-2.05,7.46,3.46,0.27,6.72
Feb-01,-9.02,-3.35,-9.61,-4.00,-14.08,-4.84,0.88,-10.76,-5.59,0.18,-11.61
Mar-01,-6.55,-3.07,-6.83,-3.24,-9.97,-5.43,-2.71,-8.28,-5.14,-2.23,-7.95
Apr-01,8.03,5.35,8.03,5.28,10.62,8.61,5.60,11.96,8.38,5.87,10.98
May-01,1.08,1.92,0.67,1.67,-0.23,3.05,3.31,2.78,2.83,2.51,3.15
Jun-01,-1.61,-2.02,-2.21,-2.54,-1.90,-0.96,-2.18,0.33,2.02,1.00,3.01
Jul-01,-1.76,-1.44,-1.44,-1.47,-1.40,-3.47,-2.36,-4.40,-3.97,-1.44,-6.63
Aug-01,-6.16,-5.63,-6.47,-6.15,-6.83,-4.88,-3.74,-5.86,-4.30,-2.32,-6.25
Sep-01,-8.91,-9.17,-8.18,-8.56,-7.76,-12.60,-9.91,-14.94,-13.68,-13.35,-14.02
Oct-01,2.68,0.82,2.13,0.34,4.08,4.01,0.17,7.47,6.30,3.91,8.76
Nov-01,7.84,7.38,7.78,7.23,8.36,8.60,6.49,10.38,8.44,8.62,8.27
Dec-01,1.58,2.63,0.85,2.03,-0.38,2.91,3.80,2.19,6.02,6.48,5.58
Jan-02,-1.10,-0.89,-1.16,-1.28,-1.02,-0.66,-0.11,-1.11,-1.08,1.19,-3.32
Feb-02,-2.07,-1.78,-2.04,-2.05,-2.04,-1.73,0.68,-3.74,-1.95,0.30,-4.26
Mar-02,4.36,5.20,3.87,4.87,2.81,6.18,5.74,6.56,7.33,7.09,7.58
Apr-02,-5.25,-4.09,-6.11,-4.97,-7.33,-2.50,-1.25,-3.58,-0.28,1.12,-1.68
May-02,-1.27,-0.41,-0.94,-0.04,-1.93,-1.20,-0.69,-1.66,-3.46,-3.12,-3.80
Jun-02,-7.04,-6.25,-7.31,-6.57,-8.14,-7.15,-5.67,-8.48,-5.99,-4.98,-7.04
Jul-02,-8.01,-9.27,-7.19,-8.63,-5.45,-9.90,-10.43,-9.42,-12.60,-13.68,-11.61
Aug-02,0.61,0.91,0.63,0.93,0.26,0.21,1.51,-1.25,0.68,1.13,0.19
Sep-02,-10.36,-11.28,-10.69,-11.71,-9.49,-9.80,-11.74,-8.05,-8.44,-8.84,-8.01
Oct-02,8.11,7.15,8.78,7.84,9.92,6.23,5.07,7.49,4.27,3.05,5.60
Nov-02,5.97,6.27,5.48,6.06,4.79,6.79,6.64,6.94,8.57,7.43,9.78
Dec-02,-5.76,-5.07,-5.82,-5.27,-6.48,-4.19,-3.06,-5.38,-5.44,-3.90,-7.03
Jan-03,-2.73,-2.80,-2.79,-2.85,-2.72,-2.10,-2.58,-1.58,-2.70,-2.81,-2.59
Feb-03,-1.90,-3.09,-1.77,-3.15,-0.10,-1.40,-2.16,-0.60,-2.71,-2.77,-2.65
Mar-03,1.14,-0.28,1.15,-0.39,2.94,0.86,0.30,1.43,1.00,0.37,1.68
Apr-03,8.33,9.50,8.12,9.48,6.62,7.24,7.35,7.13,9.55,9.75,9.33
May-03,6.17,7.70,5.45,7.33,3.33,9.26,9.61,8.90,9.99,9.84,10.14
Jun-03,1.40,1.35,1.27,1.24,1.31,0.55,0.19,0.92,1.71,1.66,1.77
Jul-03,2.35,3.43,1.81,3.13,0.82,3.03,2.71,3.35,4.99,4.31,5.71
Aug-03,2.38,2.59,1.90,1.94,1.86,4.19,3.78,4.60,5.14,5.77,4.48
Sep-03,-1.15,-1.34,-1.13,-1.43,-0.90,-1.61,-1.03,-2.20,-1.86,-1.50,-2.23
Oct-03,6.13,8.31,5.69,8.08,3.88,7.72,7.97,7.47,8.57,9.31,7.80
Nov-03,1.41,1.72,1.04,1.30,0.83,2.43,3.17,1.67,3.45,3.67,3.22
Dec-03,4.44,4.26,4.77,4.46,5.02,2.88,3.64,2.07,2.40,3.18,1.57
Jan-04,2.11,2.32,1.78,1.85,1.72,2.34,2.98,1.67,3.57,4.14,2.96
Feb-04,1.49,1.77,1.52,1.86,1.24,2.16,2.66,1.62,1.48,1.39,1.58
Mar-04,-1.24,-0.75,-1.53,-0.90,-2.04,-0.10,-0.27,0.08,0.62,0.12,1.17
Apr-04,-1.75,-3.77,-1.37,-3.54,0.37,-2.65,-3.93,-1.25,-4.04,-4.96,-3.03
May-04,1.22,1.57,1.20,1.58,0.90,2.05,2.65,1.42,1.58,1.67,1.50
Jun-04,1.86,1.59,1.58,1.19,1.87,2.65,3.05,2.22,3.69,3.69,3.70
Jul-04,-3.86,-1.99,-3.45,-1.48,-5.02,-4.83,-3.43,-6.01,-6.32,-4.63,-8.10
Aug-04,0.16,0.98,0.35,1.18,-0.33,-0.14,1.08,-1.20,-0.93,0.04,-1.85
Sep-04,1.63,2.27,1.16,1.93,0.52,3.44,3.83,3.09,4.53,4.19,4.87
Oct-04,1.56,1.27,1.48,1.24,1.67,2.76,2.23,3.23,2.19,1.42,2.93
Nov-04,4.69,5.34,4.16,4.84,3.59,6.38,7.43,5.46,7.91,8.32,7.52
Dec-04,3.53,3.15,3.49,3.17,3.76,3.84,4.13,3.59,3.43,2.67,4.17
Jan-05,-2.57,-1.80,-2.45,-1.67,-3.10,-2.61,-2.30,-2.89,-3.35,-2.62,-4.04
Feb-05,2.16,3.24,2.19,3.36,1.19,2.90,3.43,2.42,2.17,2.74,1.63
Mar-05,-1.68,-2.11,-1.57,-2.17,-1.05,-0.90,-0.43,-1.32,-2.16,-1.62,-2.67
Apr-05,-2.34,-2.61,-1.84,-2.16,-1.56,-3.66,-3.48,-3.83,-5.38,-5.14,-5.61
May-05,3.81,3.11,3.41,2.65,4.05,5.13,5.00,5.25,6.50,5.97,7.02
Jun-05,0.68,2.18,0.23,1.83,-1.12,2.47,3.89,1.21,3.41,4.11,2.72
Jul-05,4.14,3.27,3.79,2.86,4.95,5.57,5.38,5.79,6.05,5.95,6.15
Aug-05,-0.98,-0.50,-0.91,-0.42,-1.48,-0.85,-0.17,-1.64,-1.51,-1.10,-1.90
Sep-05,0.82,1.48,0.84,1.63,-0.10,1.15,2.10,0.04,0.63,0.46,0.80
Oct-05,-1.68,-2.25,-1.46,-2.18,-0.57,-2.61,-3.39,-1.69,-3.00,-2.68,-3.30
Nov-05,3.93,3.75,3.79,3.70,3.89,4.47,4.05,4.97,5.04,4.15,5.91
Dec-05,0.00,0.46,-0.03,0.52,-0.68,1.09,1.79,0.30,0.11,0.00,0.21
Jan-06,3.34,3.90,2.61,3.34,1.73,4.63,4.35,4.95,7.78,7.75,7.80
Feb-06,0.07,0.12,0.15,0.24,0.04,-0.01,-0.06,0.05,-0.61,-0.89,-0.35
Mar-06,1.81,1.88,1.41,1.54,1.25,2.58,2.07,3.14,4.19,4.09,4.29
Apr-06,1.09,2.31,1.21,2.45,-0.31,1.34,2.08,0.53,0.45,1.27,-0.31
May-06,-3.07,-2.75,-2.74,-2.56,-2.88,-3.66,-3.02,-4.36,-5.03,-3.74,-6.26
Jun-06,0.09,0.35,0.15,0.45,-0.10,-0.54,-0.93,-0.10,-0.19,-0.19,-0.20
Jul-06,-0.30,0.73,0.25,1.30,-0.68,-2.93,-2.02,-3.77,-3.69,-2.68,-4.64
Aug-06,2.47,1.62,2.45,1.45,3.36,2.22,1.94,2.49,2.66,2.79,2.54
Sep-06,2.27,2.21,2.48,2.39,2.56,1.83,1.37,2.27,1.01,1.04,0.99
Oct-06,3.55,3.44,3.31,3.27,3.35,3.79,3.40,4.16,4.96,4.49,5.41
Nov-06,2.05,2.23,1.89,2.06,1.74,3.52,3.65,3.41,3.18,3.40,2.97
Dec-06,1.22,2.26,1.34,2.42,0.40,0.18,1.06,-0.64,0.25,1.04,-0.50
Jan-07,1.78,1.60,1.72,1.54,1.88,3.05,2.23,3.82,2.24,1.90,2.56
Feb-07,-1.59,-1.40,-1.85,-1.68,-2.01,0.19,0.75,-0.33,0.11,0.26,-0.04
Mar-07,1.11,1.29,1.08,1.36,0.83,1.07,1.37,0.78,1.39,0.93,1.83
Apr-07,4.07,3.47,4.31,3.68,4.85,4.20,3.83,4.54,2.77,2.38,3.14
May-07,3.54,3.78,3.44,3.79,3.14,3.88,3.85,3.92,4.37,3.84,4.88
Jun-07,-1.62,-2.27,-1.70,-2.42,-1.08,-1.82,-2.35,-1.33,-1.18,-1.54,-0.85
Jul-07,-3.30,-4.81,-2.92,-4.51,-1.40,-4.37,-5.48,-3.31,-5.55,-6.66,-4.42
Aug-07,1.48,1.37,1.59,1.58,1.61,0.15,-0.84,1.07,1.07,0.48,1.70
Sep-07,3.52,2.30,3.80,2.56,4.95,2.72,1.77,3.60,1.88,0.88,2.92
Oct-07,2.18,1.11,2.18,1.07,3.18,2.15,1.05,3.15,2.41,1.52,3.31
Nov-07,-4.43,-5.46,-4.04,-5.24,-2.98,-4.78,-5.77,-3.88,-6.55,-6.48,-6.62
Dec-07,-0.57,-0.81,-0.55,-0.79,-0.35,-0.31,-1.21,0.50,-0.72,-0.87,-0.56
Jan-08,-6.00,-4.55,-5.95,-4.45,-7.24,-6.13,-4.47,-7.60,-6.21,-5.09,-7.36
Feb-08,-3.02,-3.95,-3.06,-4.12,-2.13,-2.26,-3.15,-1.45,-2.63,-3.06,-2.21
Mar-08,-0.59,-1.87,-0.54,-2.12,0.82,-1.20,-2.32,-0.20,-0.81,-0.47,-1.12
Apr-08,4.57,5.42,4.48,5.50,3.57,6.01,5.63,6.49,5.64,5.59,5.69
May-08,2.03,1.42,1.54,0.84,2.17,4.09,4.12,4.07,5.09,5.06,5.11
Jun-08,-8.30,-9.79,-8.43,-10.12,-6.92,-7.99,-9.11,-6.61,-7.48,-7.78,-7.19
Jul-08,-0.60,-0.23,-1.03,-0.67,-1.44,-2.35,-3.31,-1.59,1.69,2.36,1.03
Aug-08,1.55,1.80,1.17,1.35,0.95,1.62,2.33,0.82,4.02,4.86,3.19
Sep-08,-8.99,-7.77,-8.99,-7.91,-10.30,-12.43,-11.19,-13.82,-9.03,-6.89,-11.19
Oct-08,-17.00,-17.37,-16.42,-17.06,-15.63,-20.96,-21.29,-20.58,-20.55,-19.45,-21.66
Nov-08,-7.66,-8.27,-7.10,-7.92,-6.09,-9.76,-10.12,-9.37,-10.57,-10.05,-11.06
Dec-08,1.74,1.33,1.24,0.85,1.72,3.55,3.94,3.14,4.80,4.68,4.92
Jan-09,-8.08,-11.42,-7.83,-11.31,-3.67,-7.03,-9.14,-4.78,-9.39,-11.85,-6.84
Feb-09,-9.98,-12.19,-9.81,-12.04,-7.37,-9.48,-12.09,-6.84,-10.71,-13.00,-8.41
Mar-09,8.90,9.19,8.71,9.04,8.36,8.35,8.10,8.59,10.02,10.27,9.78
Apr-09,9.99,11.23,9.00,10.50,7.38,13.78,14.83,12.77,15.69,15.62,15.75
May-09,4.99,5.35,5.30,5.77,4.78,4.65,5.27,4.02,2.60,2.17,3.00
Jun-09,0.43,-0.78,0.24,-0.93,1.56,0.36,-0.22,0.96,1.12,-0.24,2.40
Jul-09,7.75,9.10,7.42,8.63,6.30,8.87,9.81,7.92,9.65,11.65,7.54
Aug-09,3.27,5.18,3.21,5.08,1.45,4.49,6.07,2.86,3.36,5.40,1.26
Sep-09,4.15,4.20,3.75,3.69,3.80,5.83,6.03,5.61,6.60,7.06,6.11
Oct-09,-2.32,-3.58,-1.64,-2.95,-0.35,-4.15,-4.43,-3.86,-6.13,-7.18,-5.08
Nov-09,5.50,4.73,5.84,4.82,6.82,4.42,4.03,4.83,3.85,4.59,3.06
Dec-09,2.77,3.25,1.97,2.48,1.49,5.48,5.66,5.30,7.19,7.16,7.22
Jan-10,-3.50,-2.81,-3.54,-2.77,-4.27,-3.41,-3.10,-3.74,-3.36,-3.26,-3.47
Feb-10,3.38,3.62,3.15,3.25,3.04,4.90,4.48,5.35,4.68,5.67,3.68
Mar-10,6.15,6.73,5.84,6.44,5.27,7.28,7.73,6.80,7.98,8.33,7.61
Apr-10,1.94,2.55,1.34,1.91,0.78,3.68,4.01,3.34,5.06,5.78,4.34
May-10,-7.80,-8.46,-7.84,-8.37,-7.31,-7.18,-7.90,-6.42,-7.47,-8.89,-6.02
Jun-10,-5.52,-6.80,-5.18,-6.36,-4.03,-6.23,-7.55,-4.83,-7.46,-9.35,-5.58
Jul-10,6.86,6.61,6.86,6.54,7.26,7.22,7.44,6.99,6.98,7.23,6.71
Aug-10,-4.68,-4.90,-4.33,-4.55,-4.06,-4.50,-5.33,-3.63,-6.45,-6.77,-6.11
Sep-10,9.52,8.27,9.08,7.80,10.63,10.91,9.51,12.34,12.17,11.25,13.17
Oct-10,3.76,3.07,3.77,3.02,4.65,3.44,3.28,3.61,3.53,3.25,3.83
Nov-10,0.53,0.49,0.02,0.08,-0.04,2.64,1.26,4.03,3.53,2.98,4.11
Dec-10,6.72,8.13,6.50,8.10,4.65,6.59,8.37,4.85,7.86,8.23,7.48
Jan-11,2.12,2.68,2.30,2.91,1.57,2.06,2.23,1.89,1.36,1.43,1.28
Feb-11,3.56,4.28,3.30,4.16,2.26,4.00,4.25,3.74,5.19,4.97,5.41
Mar-11,0.50,0.56,0.13,0.27,0.01,1.85,1.67,2.04,2.83,2.24,3.43
Apr-11,2.96,2.16,3.01,2.16,3.71,2.64,2.27,3.03,2.94,2.30,3.59
May-11,-1.27,-1.93,-1.18,-1.87,-0.33,-0.57,-0.95,-0.20,-1.77,-2.20,-1.33
Jun-11,-1.69,-1.97,-1.67,-2.01,-1.26,-1.93,-2.28,-1.58,-1.70,-1.70,-1.69
Jul-11,-2.25,-3.33,-1.98,-3.26,-0.60,-3.58,-3.17,-4.05,-4.07,-4.12,-4.01
Aug-11,-5.92,-7.29,-5.43,-7.02,-3.77,-7.43,-7.28,-7.60,-8.64,-8.77,-8.51
Sep-11,-7.54,-8.26,-6.93,-7.77,-6.09,-9.59,-9.60,-9.57,-11.16,-11.22,-11.11
Oct-11,11.34,12.39,10.72,12.03,9.43,13.19,12.71,13.70,15.17,14.68,15.70
Nov-11,-0.21,-0.26,-0.22,-0.37,-0.07,-0.57,-0.08,-1.10,0.08,0.51,-0.37
Dec-11,0.79,1.71,0.89,1.79,0.00,-0.45,0.58,-1.58,0.02,1.21,-1.25
Jan-12,5.00,4.32,4.72,4.06,5.38,6.18,4.31,8.22,6.35,5.60,7.07
Feb-12,4.39,4.29,4.52,4.44,4.59,4.51,4.72,4.28,3.99,3.59,4.38
Mar-12,3.10,2.63,3.28,2.69,3.87,2.19,1.11,3.32,1.84,2.03,1.65
Apr-12,-0.78,-1.01,-0.71,-1.00,-0.43,-0.79,-0.83,-0.75,-1.08,-1.14,-1.02
May-12,-6.07,-6.61,-5.94,-6.60,-5.29,-7.12,-6.93,-7.30,-6.81,-6.74,-6.87
Jun-12,3.95,4.78,3.98,4.98,3.01,2.45,3.10,1.78,3.45,3.41,3.48
Jul-12,0.86,0.95,1.22,1.22,1.23,-0.24,-0.01,-0.46,-1.12,-0.52,-1.73
Aug-12,2.59,2.69,2.38,2.46,2.28,3.37,3.17,3.56,3.98,4.26,3.68
Sep-12,2.70,3.32,2.66,3.33,1.86,2.34,2.50,2.18,2.67,3.07,2.25
Oct-12,-1.73,-0.78,-1.77,-0.80,-2.94,-0.67,0.30,-1.57,-1.25,-0.41,-2.14
Nov-12,0.69,0.04,0.51,-0.20,1.38,1.23,0.25,2.14,1.94,1.69,2.21
Dec-12,1.18,2.23,0.86,2.06,-0.60,2.55,3.08,2.07,3.04,3.13,2.95
Jan-13,5.48,6.53,5.24,6.47,4.28,6.74,7.88,5.67,7.08,6.99,7.19
Feb-13,1.33,1.35,1.33,1.28,1.37,1.25,1.72,0.79,1.47,1.67,1.27
Mar-13,3.95,4.09,3.82,3.95,3.72,4.34,4.80,3.89,4.63,4.81,4.45
Apr-13,1.56,1.41,1.89,1.80,1.96,1.28,1.34,1.22,-0.38,-0.59,-0.15
May-13,2.79,3.56,2.42,3.32,1.70,2.30,2.43,2.18,4.95,4.67,5.24
Jun-13,-1.27,-0.85,-1.37,-0.84,-1.80,-1.37,-1.19,-1.55,-0.89,-1.13,-0.64
Jul-13,5.63,5.52,5.34,5.22,5.47,6.30,5.85,6.71,7.19,7.17,7.21
Aug-13,-2.68,-3.55,-2.66,-3.56,-1.72,-2.27,-2.71,-1.87,-2.78,-3.49,-2.13
Sep-13,3.70,3.16,3.31,2.74,3.89,4.79,4.48,5.08,5.87,5.45,6.30
Oct-13,4.18,4.39,4.35,4.46,4.23,3.27,4.45,2.14,3.37,4.14,2.58
Nov-13,3.14,2.81,3.09,2.75,3.44,1.82,1.34,2.28,3.01,2.78,3.25
Dec-13,2.63,3.12,2.63,3.24,2.03,3.20,3.55,2.86,2.71,2.60,2.83
Jan-14,-3.39,-3.56,-3.51,-3.61,-3.41,-2.77,-2.86,-2.68,-2.78,-3.31,-2.23
Feb-14,4.62,4.30,4.56,4.18,4.93,5.92,5.57,6.26,5.06,4.99,5.13
Mar-14,0.61,1.88,0.76,1.96,-0.44,-0.08,1.92,-1.97,-0.30,1.46,-2.13
Apr-14,0.02,0.09,0.52,0.38,0.66,-1.02,0.03,-2.03,-2.57,-1.28,-3.96
May-14,1.99,1.76,2.21,1.92,2.51,2.61,2.34,2.86,0.94,1.00,0.89
Jun-14,2.50,2.97,2.02,2.70,1.34,3.32,3.61,3.04,5.26,4.60,5.87
Jul-14,-1.99,-2.10,-1.39,-1.58,-1.20,-2.69,-3.07,-2.34,-5.46,-5.45,-5.48
Aug-14,4.23,3.69,4.09,3.54,4.65,4.85,4.52,5.15,5.21,4.67,5.73
Sep-14,-1.90,-2.53,-1.35,-1.96,-0.74,-3.00,-3.66,-2.41,-5.02,-5.95,-4.12
Oct-14,2.46,1.82,2.15,1.53,2.77,3.16,3.32,3.02,4.02,3.19,4.84
Nov-14,2.54,1.55,2.86,1.87,3.84,2.91,1.67,3.97,0.95,-0.03,1.91
Dec-14,-0.07,0.93,-0.35,0.80,-1.50,0.29,0.67,-0.13,1.13,1.45,0.82
Jan-15,-3.10,-4.45,-3.07,-4.50,-1.60,-1.60,-1.56,-1.65,-3.05,-4.01,-2.10
Feb-15,6.15,5.72,6.02,5.61,6.43,6.72,6.04,7.47,7.05,6.48,7.61
Mar-15,-1.18,-1.22,-1.60,-1.65,-1.55,-0.11,-0.65,0.48,1.23,1.26,1.21
Apr-15,0.63,1.17,0.99,1.50,0.48,-0.94,-0.61,-1.29,-1.30,-0.67,-1.90
May-15,1.34,1.30,1.21,1.30,1.13,1.58,2.29,0.81,2.11,1.47,2.73
Jun-15,-1.56,-1.57,-1.82,-1.76,-1.88,-1.68,-2.25,-1.03,-0.39,-0.81,0.02
Jul-15,1.60,0.57,2.10,1.20,2.97,0.41,-0.61,1.30,-0.87,-2.61,0.93
Aug-15,-6.02,-5.77,-6.08,-6.07,-6.10,-5.30,-4.61,-6.08,-5.82,-4.30,-7.34
Sep-15,-2.94,-3.32,-2.53,-3.06,-2.04,-3.73,-3.57,-3.88,-5.18,-4.78,-5.60
Oct-15,7.79,7.70,8.16,8.03,8.29,6.48,6.32,6.67,5.59,5.96,5.20
Nov-15,0.64,0.52,0.35,0.28,0.42,0.39,0.59,0.16,2.22,1.76,2.71
Dec-15,-2.19,-2.87,-1.76,-2.41,-1.14,-3.19,-3.99,-2.29,-4.72,-5.58,-3.84
Jan-16,-5.83,-6.09,-5.40,-5.98,-4.85,-6.51,-6.04,-7.02,-8.31,-6.69,-9.97
Feb-16,-0.06,-0.14,-0.22,-0.40,-0.04,0.99,0.24,1.78,1.11,1.63,0.57
Mar-16,6.94,7.26,6.76,7.00,6.54,8.17,9.27,7.01,8.24,9.09,7.36
Apr-16,0.87,2.31,0.70,2.29,-0.77,1.46,2.80,0.04,1.77,2.24,1.28
May-16,1.80,1.43,1.79,1.47,2.11,2.08,2.59,1.53,1.99,1.40,2.62
Jun-16,-0.15,-0.31,-0.06,-0.24,0.10,0.05,-0.27,0.40,-0.73,-0.97,-0.47
Jul-16,3.99,2.85,3.75,2.49,4.84,4.27,3.94,4.61,5.38,4.73,6.10
Aug-16,0.49,1.41,0.35,1.35,-0.48,0.99,1.34,0.63,1.15,1.56,0.72
Sep-16,0.27,-0.10,0.14,-0.26,0.48,0.59,0.86,0.30,0.67,0.66,0.69
Oct-16,-1.90,-1.38,-1.50,-1.04,-1.90,-2.16,-1.39,-3.00,-4.11,-3.24,-5.07
Nov-16,4.97,7.80,4.10,6.93,1.69,5.78,7.48,3.93,10.17,12.51,7.70
Dec-16,1.87,2.54,1.88,2.54,1.29,0.91,1.67,0.05,1.42,2.07,0.71
Jan-17,1.92,0.63,2.01,0.66,3.20,3.04,2.63,3.48,1.65,0.67,2.73
Feb-17,3.54,2.86,3.79,3.19,4.31,2.88,2.83,2.93,2.15,1.22,3.16
Mar-17,0.12,-0.96,0.11,-1.01,1.07,-0.12,-0.68,0.48,0.03,-0.74,0.86
Apr-17,1.17,0.26,1.21,0.29,1.96,1.06,0.75,1.39,0.89,-0.05,1.93
May-17,1.11,-0.67,1.48,-0.34,2.97,1.34,-0.28,3.00,-1.00,-2.38,0.50
Jun-17,0.88,1.77,0.54,1.56,-0.28,0.71,1.12,0.26,2.66,2.79,2.52
Jul-17,2.05,1.79,2.22,1.87,2.54,1.88,2.07,1.66,1.28,1.53,1.03
Aug-17,0.29,-0.59,0.51,-0.39,1.34,-0.73,-1.48,0.11,-1.02,-1.83,-0.21
Sep-17,2.64,3.65,2.18,3.15,1.30,2.97,3.21,2.70,5.15,6.44,3.86
Oct-17,2.44,1.88,2.57,2.01,3.09,1.76,1.60,1.94,1.78,1.14,2.44
Nov-17,3.25,3.22,3.25,3.23,3.27,3.90,3.44,4.41,3.35,3.22,3.48
Dec-17,1.11,1.26,1.23,1.42,1.05,1.35,1.39,1.31,0.45,0.34,0.56
Jan-18,5.79,5.30,6.17,5.70,6.61,4.78,4.14,5.49,3.52,2.97,4.07
Feb-18,-3.52,-4.48,-3.48,-4.51,-2.54,-3.82,-3.93,-3.70,-3.82,-4.47,-3.18
Mar-18,-2.25,-2.37,-2.73,-2.90,-2.58,-0.44,-0.37,-0.53,0.74,0.57,0.93
Apr-18,0.52,0.33,0.55,0.33,0.75,-0.04,0.16,-0.25,0.10,0.23,-0.02
May-18,2.82,1.47,2.39,0.96,3.67,1.28,0.50,2.14,5.22,4.41,6.02
Jun-18,0.55,-0.06,0.57,-0.03,1.09,0.62,0.07,1.22,0.22,-0.49,0.98
Jul-18,3.41,3.96,3.65,4.33,2.94,2.99,3.15,2.81,2.10,1.85,2.36
Aug-18,3.71,1.57,3.66,1.45,6.03,2.97,0.56,5.55,4.05,2.32,5.86
Sep-18,0.09,-0.29,0.43,0.07,0.80,-0.11,-0.42,0.19,-1.89,-2.55,-1.24
Oct-18,-7.49,-5.72,-7.00,-5.16,-8.87,-8.59,-7.56,-9.63,-10.50,-9.39,-11.58
Nov-18,1.79,2.47,1.72,2.54,0.85,1.85,1.32,2.40,2.63,2.49,2.77
Dec-18,-9.36,-9.72,-8.98,-9.34,-8.59,-10.00,-10.92,-9.07,-11.71,-12.28,-11.15
Jan-19,8.54,8.34,8.07,7.88,8.27,10.51,10.72,10.31,11.79,11.71,11.86
Feb-19,3.55,2.62,3.26,2.44,4.13,4.66,3.14,6.16,5.35,3.69,6.99
Mar-19,1.26,-0.10,1.70,0.27,3.17,0.78,-0.57,2.08,-1.40,-2.32,-0.54
Apr-19,4.25,4.27,4.28,4.22,4.34,3.77,3.87,3.67,4.32,4.82,3.85
May-19,-6.80,-6.76,-6.62,-6.45,-6.80,-6.36,-6.50,-6.23,-7.98,-8.86,-7.14
Jun-19,7.14,6.49,7.00,6.33,7.67,7.34,7.49,7.20,8.20,7.81,8.56
Jul-19,1.49,1.40,1.58,1.51,1.64,1.31,0.68,1.89,1.23,0.93,1.53
Aug-19,-2.34,-3.86,-1.87,-3.39,-0.47,-3.33,-4.14,-2.60,-5.22,-6.69,-3.77
Sep-19,1.72,3.38,1.65,3.10,0.37,1.79,4.02,-0.20,1.97,5.00,-1.08
Oct-19,2.36,1.96,2.47,2.14,2.77,0.92,0.62,1.19,1.70,0.81,2.60
Nov-19,3.97,3.63,3.91,3.66,4.15,4.38,2.97,5.68,4.26,3.34,5.18
Dec-19,2.93,2.58,2.93,2.37,3.44,2.41,3.19,1.72,2.47,3.67,1.22
Jan-20,-0.10,-2.19,0.35,-1.76,2.24,-0.84,-1.86,0.08,-2.51,-4.29,-0.74
Feb-20,-8.14,-9.52,-8.08,-9.40,-6.95,-7.92,-9.56,-6.50,-8.65,-10.44,-6.84
Mar-20,-13.08,-17.29,-11.81,-15.93,-8.38,-16.75,-20.60,-13.54,-20.87,-25.06,-16.81
Apr-20,13.65,12.58,13.38,12.28,14.20,14.11,12.47,15.31,15.20,14.22,16.04
May-20,5.38,4.01,5.02,3.92,5.83,7.89,4.30,10.47,7.81,4.48,10.65
Jun-20,2.38,-0.49,2.38,-0.83,5.01,2.08,1.39,2.98,1.99,0.91,3.08
Jul-20,5.96,4.50,6.28,4.62,8.23,6.42,5.45,7.42,4.36,3.99,4.71
Aug-20,7.65,5.08,8.09,5.17,11.42,2.61,2.43,2.80,4.88,4.52,5.21
Sep-20,-3.82,-3.20,-4.02,-3.05,-5.06,-1.49,-1.52,-1.47,-2.42,-4.09,-0.89
Oct-20,-2.02,-0.65,-2.74,-1.21,-4.43,1.06,1.25,0.86,2.36,2.69,2.01
Nov-20,12.22,12.71,11.47,12.04,10.84,13.44,12.45,14.43,16.24,16.93,15.60
Dec-20,4.76,3.48,4.27,2.97,5.74,4.15,3.64,4.65,7.70,6.84,8.50
Jan-21,-0.13,0.10,-0.69,-0.47,-0.93,-0.07,0.48,-0.67,1.98,2.17,1.79
Feb-21,2.91,5.66,2.25,5.12,-1.00,5.52,8.13,2.63,7.04,9.78,4.29
Mar-21,3.29,5.49,3.42,5.45,1.05,2.00,4.81,-0.81,2.36,5.54,-0.81
Apr-21,5.19,4.51,5.53,4.72,6.52,5.33,4.40,6.32,3.39,3.48,3.29
May-21,0.33,2.34,0.28,2.27,-2.11,0.71,2.63,-1.30,0.29,2.31,-1.76
Jun-21,2.56,-0.70,2.85,-0.52,5.66,1.41,-1.70,4.79,0.33,-2.34,2.79
Jul-21,1.57,0.88,2.14,1.27,3.17,0.77,-0.58,2.31,-1.68,-1.46,-1.92
Aug-21,3.04,2.72,3.15,2.76,3.61,3.14,2.56,3.80,2.24,2.46,2.00
Sep-21,-4.48,-3.88,-4.71,-4.19,-5.32,-3.98,-3.15,-4.92,-3.12,-2.27,-4.07
Oct-21,6.73,5.17,7.11,5.30,9.22,6.69,5.42,8.11,4.58,4.35,4.85
Nov-21,-1.49,-3.35,-1.05,-3.49,1.69,-2.69,-3.70,-1.57,-4.14,-2.34,-6.20
Dec-21,3.47,5.51,3.48,5.58,1.24,3.93,6.11,1.59,3.61,5.22,1.83

